0.000000000000000000e+00,0.000000000000000000e+00
1.001001001001000992e-02,2.489554324670391859e-03
2.002002002002001985e-02,9.958217298681567436e-03
3.003003003003002977e-02,2.240598892203352413e-02
4.004004004004003969e-02,3.983286919472626975e-02
5.005005005005004615e-02,6.223885811675979735e-02
6.006006006006005954e-02,8.962395568813409652e-02
7.007007007007007293e-02,1.219881619088492020e-01
8.008008008008007939e-02,1.593314767789050790e-01
9.009009009009008584e-02,2.016539002983016859e-01
1.001001001001000923e-01,2.489554324670391894e-01
1.101101101101101126e-01,3.012360732851174783e-01
1.201201201201201191e-01,3.584958227525363861e-01
1.301301301301301394e-01,4.207346808692961626e-01
1.401401401401401459e-01,4.879526476353968079e-01
1.501501501501501523e-01,5.601497230508380998e-01
1.601601601601601588e-01,6.373259071156203159e-01
1.701701701701701652e-01,7.194811998297431233e-01
1.801801801801801717e-01,8.066156011932067438e-01
1.901901901901901781e-01,8.987291112060116216e-01
2.002002002002001846e-01,9.958217298681567575e-01
2.102102102102102188e-01,1.097893457179642818e+00
2.202202202202202252e-01,1.204944293140469913e+00
2.302302302302302317e-01,1.316974237750637267e+00
2.402402402402402382e-01,1.433983291010145544e+00
2.502502502502502724e-01,1.555971452918994524e+00
2.602602602602602788e-01,1.682938723477184650e+00
2.702702702702702853e-01,1.814885102684715257e+00
2.802802802802802917e-01,1.951810590541587231e+00
2.902902902902902982e-01,2.093715187047799908e+00
3.003003003003003046e-01,2.240598892203352399e+00
3.103103103103103111e-01,2.392461706008246480e+00
3.203203203203203175e-01,2.549303628462481264e+00
3.303303303303303240e-01,2.711124659566056305e+00
3.403403403403403304e-01,2.877924799318972493e+00
3.503503503503503369e-01,3.049704047721229827e+00
3.603603603603603434e-01,3.226462404772826975e+00
3.703703703703703498e-01,3.408199870473766602e+00
3.803803803803803563e-01,3.594916444824046486e+00
3.903903903903903627e-01,3.786612127823665741e+00
4.004004004004003692e-01,3.983286919472627030e+00
4.104104104104104311e-01,4.184940819770928577e+00
4.204204204204204376e-01,4.391573828718571271e+00
4.304304304304304440e-01,4.603185946315553778e+00
4.404404404404404505e-01,4.819777172561879652e+00
4.504504504504504570e-01,5.041347507457543564e+00
4.604604604604604634e-01,5.267896951002549066e+00
4.704704704704704699e-01,5.499425503196895271e+00
4.804804804804804763e-01,5.735933164040582177e+00
4.904904904904904828e-01,5.977419933533610674e+00
5.005005005005005447e-01,6.223885811675978097e+00
5.105105105105105512e-01,6.475330798467688886e+00
5.205205205205205576e-01,6.731754893908738602e+00
5.305305305305305641e-01,6.993158097999129019e+00
5.405405405405405705e-01,7.259540410738861027e+00
5.505505505505505770e-01,7.530901832127933737e+00
5.605605605605605835e-01,7.807242362166348926e+00
5.705705705705705899e-01,8.088562000854103928e+00
5.805805805805805964e-01,8.374860748191199633e+00
5.905905905905906028e-01,8.666138604177636040e+00
6.006006006006006093e-01,8.962295986640423706e+00
6.106106106106106157e-01,9.260046683871003381e+00
6.206206206206206222e-01,9.557797381101581280e+00
6.306306306306306286e-01,9.855548078332160955e+00
6.406406406406406351e-01,1.015329877556273885e+01
6.506506506506506415e-01,1.045104947279331675e+01
6.606606606606606480e-01,1.074880017002389643e+01
6.706706706706706544e-01,1.104655086725447433e+01
6.806806806806806609e-01,1.134430156448505400e+01
6.906906906906906674e-01,1.164205226171563190e+01
7.007007007007006738e-01,1.193980295894621158e+01
7.107107107107106803e-01,1.223755365617679125e+01
7.207207207207206867e-01,1.253530435340736737e+01
7.307307307307306932e-01,1.283305505063795060e+01
7.407407407407406996e-01,1.313080574786852850e+01
7.507507507507507061e-01,1.342855644509910817e+01
7.607607607607607125e-01,1.372630714232968607e+01
7.707707707707707190e-01,1.402405783956026575e+01
7.807807807807807254e-01,1.432180853679084365e+01
7.907907907907907319e-01,1.461955923402142155e+01
8.008008008008007383e-01,1.491730993125200300e+01
8.108108108108108558e-01,1.521506062848257912e+01
8.208208208208208623e-01,1.551281132571315702e+01
8.308308308308308687e-01,1.581056202294373669e+01
8.408408408408408752e-01,1.610831272017431459e+01
8.508508508508508816e-01,1.640606341740489427e+01
8.608608608608608881e-01,1.670381411463547394e+01
8.708708708708708945e-01,1.700156481186605362e+01
8.808808808808809010e-01,1.729931550909663329e+01
8.908908908908909074e-01,1.759706620632721297e+01
9.009009009009009139e-01,1.789481690355779264e+01
9.109109109109109204e-01,1.819256760078836876e+01
9.209209209209209268e-01,1.849031829801894844e+01
9.309309309309309333e-01,1.878806899524952811e+01
9.409409409409409397e-01,1.908581969248010779e+01
9.509509509509509462e-01,1.938357038971068391e+01
9.609609609609609526e-01,1.968132108694126003e+01
9.709709709709709591e-01,1.997907178417184326e+01
9.809809809809809655e-01,2.027682248140241938e+01
9.909909909909909720e-01,2.057457317863299906e+01
1.001001001001001089e+00,2.087232387586357873e+01
1.011011011011011096e+00,2.117007457309415841e+01
1.021021021021021102e+00,2.146782527032473453e+01
1.031031031031031109e+00,2.176557596755531421e+01
1.041041041041041115e+00,2.206332666478589388e+01
1.051051051051051122e+00,2.236107736201647000e+01
1.061061061061061128e+00,2.265882805924704968e+01
1.071071071071071135e+00,2.295657875647762936e+01
1.081081081081081141e+00,2.325432945370820903e+01
1.091091091091091148e+00,2.355208015093878515e+01
1.101101101101101154e+00,2.384983084816936483e+01
1.111111111111111160e+00,2.414758154539994450e+01
1.121121121121121167e+00,2.444533224263052773e+01
1.131131131131131173e+00,2.474308293986110741e+01
1.141141141141141180e+00,2.504083363709168708e+01
1.151151151151151186e+00,2.533858433432226676e+01
1.161161161161161193e+00,2.563633503155284288e+01
1.171171171171171199e+00,2.593408572878342255e+01
1.181181181181181206e+00,2.623183642601400223e+01
1.191191191191191212e+00,2.652958712324457835e+01
1.201201201201201219e+00,2.682733782047515803e+01
1.211211211211211225e+00,2.712508851770573770e+01
1.221221221221221231e+00,2.742283921493631738e+01
1.231231231231231238e+00,2.772058991216689350e+01
1.241241241241241244e+00,2.801834060939746962e+01
1.251251251251251251e+00,2.831609130662805285e+01
1.261261261261261257e+00,2.861384200385862897e+01
1.271271271271271264e+00,2.891159270108920865e+01
1.281281281281281270e+00,2.920934339831978832e+01
1.291291291291291277e+00,2.950709409555036444e+01
1.301301301301301283e+00,2.980484479278094767e+01
1.311311311311311290e+00,3.010259549001152379e+01
1.321321321321321296e+00,3.040034618724210347e+01
1.331331331331331302e+00,3.069809688447267959e+01
1.341341341341341309e+00,3.099584758170325571e+01
1.351351351351351315e+00,3.129359827893384249e+01
1.361361361361361322e+00,3.159134897616441862e+01
1.371371371371371328e+00,3.188909967339499474e+01
1.381381381381381335e+00,3.218685037062557086e+01
1.391391391391391341e+00,3.248460106785614698e+01
1.401401401401401348e+00,3.278235176508673732e+01
1.411411411411411354e+00,3.308010246231731344e+01
1.421421421421421361e+00,3.337785315954788956e+01
1.431431431431431367e+00,3.367560385677846568e+01
1.441441441441441373e+00,3.397335455400904891e+01
1.451451451451451380e+00,3.427110525123963214e+01
1.461461461461461386e+00,3.456885594847020826e+01
1.471471471471471393e+00,3.486660664570079149e+01
1.481481481481481399e+00,3.516435734293136761e+01
1.491491491491491406e+00,3.546210804016195084e+01
1.501501501501501412e+00,3.575985873739252696e+01
1.511511511511511419e+00,3.605760943462310308e+01
1.521521521521521425e+00,3.635536013185367921e+01
1.531531531531531432e+00,3.665311082908425533e+01
1.541541541541541438e+00,3.695086152631483856e+01
1.551551551551551444e+00,3.724861222354542178e+01
1.561561561561561451e+00,3.754636292077599791e+01
1.571571571571571457e+00,3.784411361800657403e+01
1.581581581581581464e+00,3.814186431523715726e+01
1.591591591591591470e+00,3.843961501246773338e+01
1.601601601601601477e+00,3.873736570969830950e+01
1.611611611611611705e+00,3.903511640692889273e+01
1.621621621621621712e+00,3.933286710415946885e+01
1.631631631631631718e+00,3.963061780139005208e+01
1.641641641641641725e+00,3.992836849862062820e+01
1.651651651651651731e+00,4.022611919585120432e+01
1.661661661661661737e+00,4.052386989308178045e+01
1.671671671671671744e+00,4.082162059031235657e+01
1.681681681681681750e+00,4.111937128754294690e+01
1.691691691691691757e+00,4.141712198477352302e+01
1.701701701701701763e+00,4.171487268200409915e+01
1.711711711711711770e+00,4.201262337923467527e+01
1.721721721721721776e+00,4.231037407646525850e+01
1.731731731731731783e+00,4.260812477369583462e+01
1.741741741741741789e+00,4.290587547092641074e+01
1.751751751751751796e+00,4.320362616815699397e+01
1.761761761761761802e+00,4.350137686538757720e+01
1.771771771771771808e+00,4.379912756261816043e+01
1.781781781781781815e+00,4.409687825984873655e+01
1.791791791791791821e+00,4.439462895707931267e+01
1.801801801801801828e+00,4.469237965430988879e+01
1.811811811811811834e+00,4.499013035154046491e+01
1.821821821821821841e+00,4.528788104877104814e+01
1.831831831831831847e+00,4.558563174600163137e+01
1.841841841841841854e+00,4.588338244323220749e+01
1.851851851851851860e+00,4.618113314046278362e+01
1.861861861861861867e+00,4.647888383769336684e+01
1.871871871871871873e+00,4.677663453492394297e+01
1.881881881881881879e+00,4.707438523215451909e+01
1.891891891891891886e+00,4.737213592938510232e+01
1.901901901901901892e+00,4.766988662661567844e+01
1.911911911911911899e+00,4.796763732384626167e+01
1.921921921921921905e+00,4.826538802107683779e+01
1.931931931931931912e+00,4.856313871830741391e+01
1.941941941941941918e+00,4.886088941553799003e+01
1.951951951951951925e+00,4.915864011276856615e+01
1.961961961961961931e+00,4.945639080999915649e+01
1.971971971971971938e+00,4.975414150722973261e+01
1.981981981981981944e+00,5.005189220446030873e+01
1.991991991991991950e+00,5.034964290169088486e+01
2.002002002002002179e+00,5.064739359892146808e+01
2.012012012012012185e+00,5.094514429615205131e+01
2.022022022022022192e+00,5.124289499338262033e+01
2.032032032032032198e+00,5.154064569061321066e+01
2.042042042042042205e+00,5.183839638784377968e+01
2.052052052052052211e+00,5.213614708507437001e+01
2.062062062062062218e+00,5.243389778230493903e+01
2.072072072072072224e+00,5.273164847953552226e+01
2.082082082082082231e+00,5.302939917676609127e+01
2.092092092092092237e+00,5.332714987399667450e+01
2.102102102102102243e+00,5.362490057122725773e+01
2.112112112112112250e+00,5.392265126845784096e+01
2.122122122122122256e+00,5.422040196568840997e+01
2.132132132132132263e+00,5.451815266291899320e+01
2.142142142142142269e+00,5.481590336014956222e+01
2.152152152152152276e+00,5.511365405738015255e+01
2.162162162162162282e+00,5.541140475461072867e+01
2.172172172172172289e+00,5.570915545184131190e+01
2.182182182182182295e+00,5.600690614907188092e+01
2.192192192192192302e+00,5.630465684630247125e+01
2.202202202202202308e+00,5.660240754353304027e+01
2.212212212212212314e+00,5.690015824076362350e+01
2.222222222222222321e+00,5.719790893799419251e+01
2.232232232232232327e+00,5.749565963522477574e+01
2.242242242242242334e+00,5.779341033245536607e+01
2.252252252252252340e+00,5.809116102968593509e+01
2.262262262262262347e+00,5.838891172691652542e+01
2.272272272272272353e+00,5.868666242414710155e+01
2.282282282282282360e+00,5.898441312137767767e+01
2.292292292292292366e+00,5.928216381860825379e+01
2.302302302302302373e+00,5.957991451583882991e+01
2.312312312312312379e+00,5.987766521306941314e+01
2.322322322322322385e+00,6.017541591030000347e+01
2.332332332332332392e+00,6.047316660753057960e+01
2.342342342342342398e+00,6.077091730476114151e+01
2.352352352352352405e+00,6.106866800199171763e+01
2.362362362362362411e+00,6.136641869922232218e+01
2.372372372372372418e+00,6.166416939645288409e+01
2.382382382382382424e+00,6.196192009368346731e+01
2.392392392392392431e+00,6.225967079091402923e+01
2.402402402402402437e+00,6.255582817337683821e+01
2.412412412412412444e+00,6.284710602936326751e+01
2.422422422422422450e+00,6.313340477670035966e+01
2.432432432432432456e+00,6.341472441538811466e+01
2.442442442442442463e+00,6.369106494542653962e+01
2.452452452452452469e+00,6.396242636681559901e+01
2.462462462462462476e+00,6.422880867955532835e+01
2.472472472472472482e+00,6.449021188364572765e+01
2.482482482482482489e+00,6.474663597908677559e+01
2.492492492492492495e+00,6.499808096587848638e+01
2.502502502502502502e+00,6.524454684402086002e+01
2.512512512512512508e+00,6.548603361351388230e+01
2.522522522522522515e+00,6.572254127435756743e+01
2.532532532532532521e+00,6.595406982655191541e+01
2.542542542542542527e+00,6.618061927009692624e+01
2.552552552552552534e+00,6.640218960499257150e+01
2.562562562562562540e+00,6.661878083123890804e+01
2.572572572572572547e+00,6.683039294883589321e+01
2.582582582582582553e+00,6.703702595778352702e+01
2.592592592592592560e+00,6.723867985808183789e+01
2.602602602602602566e+00,6.743535464973079741e+01
2.612612612612612573e+00,6.762705033273041977e+01
2.622622622622622579e+00,6.781376690708069077e+01
2.632632632632632586e+00,6.799550437278163884e+01
2.642642642642642592e+00,6.817226272983322133e+01
2.652652652652652598e+00,6.834404197823549509e+01
2.662662662662662605e+00,6.851084211798840329e+01
2.672672672672672611e+00,6.867266314909198854e+01
2.682682682682682618e+00,6.882950507154622244e+01
2.692692692692692624e+00,6.898136788535111918e+01
2.702702702702702631e+00,6.912825159050666457e+01
2.712712712712712637e+00,6.927015618701287281e+01
2.722722722722722644e+00,6.940708167486974389e+01
2.732732732732732650e+00,6.953902805407727783e+01
2.742742742742742657e+00,6.966599532463547462e+01
2.752752752752752663e+00,6.978798348654432004e+01
2.762762762762762669e+00,6.990499253980382832e+01
2.772772772772772676e+00,7.001702248441399945e+01
2.782782782782782682e+00,7.012407332037481922e+01
2.792792792792792689e+00,7.022614504768630184e+01
2.802802802802802695e+00,7.032323766634844731e+01
2.812812812812812702e+00,7.041535117636125563e+01
2.822822822822822708e+00,7.050248557772471258e+01
2.832832832832832715e+00,7.058464087043883239e+01
2.842842842842842721e+00,7.066181705450362927e+01
2.852852852852852727e+00,7.073401412991906057e+01
2.862862862862862734e+00,7.080123209668516893e+01
2.872872872872872740e+00,7.086347095480192593e+01
2.882882882882882747e+00,7.092073070426934578e+01
2.892892892892892753e+00,7.097301134508741427e+01
2.902902902902902760e+00,7.102031287725615982e+01
2.912912912912912766e+00,7.106263530077555401e+01
2.922922922922922773e+00,7.109997861564561106e+01
2.932932932932932779e+00,7.113234282186631674e+01
2.942942942942942786e+00,7.115972791943769948e+01
2.952952952952952792e+00,7.118213390835973087e+01
2.962962962962962798e+00,7.119956078863242510e+01
2.972972972972972805e+00,7.121200856025576797e+01
2.982982982982982811e+00,7.121947722322978791e+01
2.992992992992992818e+00,7.122196677755445648e+01
3.003003003003002824e+00,7.122196677755445648e+01
3.013013013013012831e+00,7.121722731971593134e+01
3.023023023023022837e+00,7.120300855836114806e+01
3.033033033033032844e+00,7.117930933378548275e+01
3.043043043043042850e+00,7.114612772586227152e+01
3.053053053053052857e+00,7.110346107312950892e+01
3.063063063063062863e+00,7.105130599954182458e+01
3.073073073073072869e+00,7.098965844891759502e+01
3.083083083083082876e+00,7.091851372711813895e+01
3.093093093093092882e+00,7.083786655200400162e+01
3.103103103103102889e+00,7.074771111121818024e+01
3.113113113113112895e+00,7.064804112785220980e+01
3.123123123123122902e+00,7.053884993405422676e+01
3.133133133133132908e+00,7.042013055264102661e+01
3.143143143143142915e+00,7.029187578677719728e+01
3.153153153153152921e+00,7.015407831778357206e+01
3.163163163163162928e+00,7.000673081113458807e+01
3.173173173173172934e+00,6.984982603070005780e+01
3.183183183183182940e+00,6.968335696127940082e+01
3.193193193193192947e+00,6.950731693946750056e+01
3.203203203203202953e+00,6.932169979287888850e+01
3.213213213213213404e+00,6.912649998774314497e+01
3.223223223223223410e+00,6.892171278486533481e+01
3.233233233233233417e+00,6.870733440392538682e+01
3.243243243243243423e+00,6.848336219606542841e+01
3.253253253253253430e+00,6.824979482468614833e+01
3.263263263263263436e+00,6.800663245434181192e+01
3.273273273273273443e+00,6.775387694758809687e+01
3.283283283283283449e+00,6.749153206959709905e+01
3.293293293293293456e+00,6.721960370031112575e+01
3.303303303303303462e+00,6.693810005385823558e+01
3.313313313313313468e+00,6.664703190490196505e+01
3.323323323323323475e+00,6.634641282154088060e+01
3.333333333333333481e+00,6.603625940431403762e+01
3.343343343343343488e+00,6.571659153080497617e+01
3.353353353353353494e+00,6.538743260526850065e+01
3.363363363363363501e+00,6.504880981263428907e+01
3.373373373373373507e+00,6.470075437616630154e+01
3.383383383383383514e+00,6.434330181798083004e+01
3.393393393393393520e+00,6.397649222154545612e+01
3.403403403403403527e+00,6.360037049520133223e+01
3.413413413413413533e+00,6.321498663566811871e+01
3.423423423423423539e+00,6.282039599040873412e+01
3.433433433433433546e+00,6.241665951764896647e+01
3.443443443443443552e+00,6.200384404276677941e+01
3.453453453453453559e+00,6.158202250968732727e+01
3.463463463463463565e+00,6.115127422584635042e+01
3.473473473473473572e+00,6.071168509921403000e+01
3.483483483483483578e+00,6.026334786580847691e+01
3.493493493493493585e+00,5.980636230607208859e+01
3.503503503503503591e+00,5.934083544843630875e+01
3.513513513513513598e+00,5.886688175836371784e+01
3.523523523523523604e+00,5.838462331113139214e+01
3.533533533533533610e+00,5.789418994660618978e+01
3.543543543543543617e+00,5.739571940426609586e+01
3.553553553553553623e+00,5.688935743673854972e+01
3.563563563563563630e+00,5.637525790016174199e+01
3.573573573573573636e+00,5.585358281972736449e+01
3.583583583583583643e+00,5.532450242883472669e+01
3.593593593593593649e+00,5.478819518037639824e+01
3.603603603603603656e+00,5.424502999667696201e+01
3.613613613613613662e+00,5.370118873918216451e+01
3.623623623623623669e+00,5.315968296039292085e+01
3.633633633633633675e+00,5.262059374846498372e+01
3.643643643643643681e+00,5.208399975850372954e+01
3.653653653653653688e+00,5.154997716886762049e+01
3.663663663663663694e+00,5.101859964304858863e+01
3.673673673673673701e+00,5.048993829707876557e+01
3.683683683683683707e+00,4.996406167239366880e+01
3.693693693693693714e+00,4.944103571406294861e+01
3.703703703703703720e+00,4.892092375428316586e+01
3.713713713713713727e+00,4.840378650101062163e+01
3.723723723723723733e+00,4.788968203159777204e+01
3.733733733733733740e+00,4.737866579128294831e+01
3.743743743743743746e+00,4.687079059637153478e+01
3.753753753753753752e+00,4.636610664193565867e+01
3.763763763763763759e+00,4.586466151384989587e+01
3.773773773773773765e+00,4.536650020497297930e+01
3.783783783783783772e+00,4.487166513527803602e+01
3.793793793793793778e+00,4.438019617572894759e+01
3.803803803803803785e+00,4.389213067569591686e+01
3.813813813813813791e+00,4.340750349370019023e+01
3.823823823823823798e+00,4.292634703127634310e+01
3.833833833833833804e+00,4.244869126973913609e+01
3.843843843843843811e+00,4.197456380964280243e+01
3.853853853853853817e+00,4.150398991272134452e+01
3.863863863863863823e+00,4.103699254610050673e+01
3.873873873873873830e+00,4.057359242857522474e+01
3.883883883883883836e+00,4.011380807874989785e+01
3.893893893893893843e+00,3.965765586484288008e+01
3.903903903903903849e+00,3.920515005596195124e+01
3.913913913913913856e+00,3.875630287466287172e+01
3.923923923923923862e+00,3.831112455060880251e+01
3.933933933933933869e+00,3.786962337515537769e+01
3.943943943943943875e+00,3.743180575669227750e+01
3.953953953953953881e+00,3.699767627657954705e+01
3.963963963963963888e+00,3.656723774552425965e+01
3.973973973973973894e+00,3.614049126025020797e+01
3.983983983983983901e+00,3.571743626032100849e+01
3.993993993993993907e+00,3.529807058498484906e+01
4.004004004004004358e+00,3.488239052991629308e+01
4.014014014014014364e+00,3.447039090373869641e+01
4.024024024024024371e+00,3.406206508421807655e+01
4.034034034034034377e+00,3.365740507402666282e+01
4.044044044044044384e+00,3.325640155598230763e+01
4.054054054054054390e+00,3.285904394767634784e+01
4.064064064064064397e+00,3.246532045541051303e+01
4.074074074074074403e+00,3.207521812736944611e+01
4.084084084084084409e+00,3.168872290596281971e+01
4.094094094094094416e+00,3.130581967927699694e+01
4.104104104104104422e+00,3.092649233158269340e+01
4.114114114114114429e+00,3.055072379285085660e+01
4.124124124124124435e+00,3.017849608723486554e+01
4.134134134134134442e+00,2.980979038048247176e+01
4.144144144144144448e+00,2.944458702624607938e+01
4.154154154154154455e+00,2.908286561126512026e+01
4.164164164164164461e+00,2.872460499939854017e+01
4.174174174174174468e+00,2.836978337449011534e+01
4.184184184184184474e+00,2.801837828205334446e+01
4.194194194194194480e+00,2.767036666976644099e+01
4.204204204204204487e+00,2.732572492677173415e+01
4.214214214214214493e+00,2.698442892177686048e+01
4.224224224224224500e+00,2.664645403995867312e+01
4.234234234234234506e+00,2.631177521867317637e+01
4.244244244244244513e+00,2.598036698197789107e+01
4.254254254254254519e+00,2.565220347397520584e+01
4.264264264264264526e+00,2.532725849098759241e+01
4.274274274274274532e+00,2.500550551257761356e+01
4.284284284284284539e+00,2.468691773142741042e+01
4.294294294294294545e+00,2.437146808209404725e+01
4.304304304304304551e+00,2.405912926865860868e+01
4.314314314314314558e+00,2.374987379128808129e+01
4.324324324324324564e+00,2.344367397173044054e+01
4.334334334334334571e+00,2.314050197776416340e+01
4.344344344344344577e+00,2.284032984662432142e+01
4.354354354354354584e+00,2.254312950742820831e+01
4.364364364364364590e+00,2.224887280262396061e+01
4.374374374374374597e+00,2.195753150848614510e+01
4.384384384384384603e+00,2.166907735468281260e+01
4.394394394394394610e+00,2.138348204293858146e+01
4.404404404404404616e+00,2.110071726481877263e+01
4.414414414414414622e+00,2.082075471865948302e+01
4.424424424424424629e+00,2.054356612566872897e+01
4.434434434434434635e+00,2.026912324522374931e+01
4.444444444444444642e+00,1.999739788938929053e+01
4.454454454454454648e+00,1.972836193668169003e+01
4.464464464464464655e+00,1.946198734510349126e+01
4.474474474474474661e+00,1.919824616447271737e+01
4.484484484484484668e+00,1.893711054807100780e+01
4.494494494494494674e+00,1.867855276363431116e+01
4.504504504504504681e+00,1.842254520370943283e+01
4.514514514514514687e+00,1.816906039539945894e+01
4.524524524524524693e+00,1.791807100952057752e+01
4.534534534534534700e+00,1.766954986919234472e+01
4.544544544544544706e+00,1.742346995788316733e+01
4.554554554554554713e+00,1.717980442693200871e+01
4.564564564564564719e+00,1.693852660256705889e+01
4.574574574574574726e+00,1.669960999244153044e+01
4.584584584584584732e+00,1.646302829170625159e+01
4.594594594594594739e+00,1.622875538863813460e+01
4.604604604604604745e+00,1.599676536984318886e+01
4.614614614614614752e+00,1.576703252505218167e+01
4.624624624624624758e+00,1.553953135152643661e+01
4.634634634634634764e+00,1.531423655809093098e+01
4.644644644644644771e+00,1.509112306881111998e+01
4.654654654654654777e+00,1.487016602632956896e+01
4.664664664664664784e+00,1.465134079487785712e+01
4.674674674674674790e+00,1.443462296297872172e+01
4.684684684684684797e+00,1.421998834585301452e+01
4.694694694694694803e+00,1.400741298754537745e+01
4.704704704704704810e+00,1.379687316278220877e+01
4.714714714714714816e+00,1.358834537857495306e+01
4.724724724724724823e+00,1.338180637558127728e+01
4.734734734734734829e+00,1.317723312923622636e+01
4.744744744744744835e+00,1.297460285066509300e+01
4.754754754754754842e+00,1.277389298738914292e+01
4.764764764764764848e+00,1.257508122383508997e+01
4.774774774774774855e+00,1.237814548165864359e+01
4.784784784784784861e+00,1.218306391989213466e+01
4.794794794794794868e+00,1.198981493492580519e+01
4.804804804804804874e+00,1.179837716033198980e+01
4.814814814814814881e+00,1.160872946654099991e+01
4.824824824824824887e+00,1.142085096037718550e+01
4.834834834834834894e+00,1.123472098446329248e+01
4.844844844844844900e+00,1.105031911650091736e+01
4.854854854854854906e+00,1.086762516843448978e+01
4.864864864864864913e+00,1.068661918550597001e+01
4.874874874874874919e+00,1.050728144520695650e+01
4.884884884884884926e+00,1.032959245613493771e+01
4.894894894894894932e+00,1.015353295675974366e+01
4.904904904904904939e+00,9.979083914106245956e+00
4.914914914914914945e+00,9.806226522359043685e+00
4.924924924924924952e+00,9.634942201394441241e+00
4.934934934934934958e+00,9.465212595245088067e+00
4.944944944944944965e+00,9.297019570502053298e+00
4.954954954954954971e+00,9.130345214659179476e+00
4.964964964964964977e+00,8.965171834404188189e+00
4.974974974974974984e+00,8.801481953860745833e+00
4.984984984984984990e+00,8.639258312785665694e+00
4.994994994994994997e+00,8.478483864725113506e+00
5.005005005005005003e+00,8.319141775133394034e+00
5.015015015015015010e+00,8.161215419458020648e+00
5.025025025025025016e+00,8.004688381194224434e+00
5.035035035035035023e+00,7.849544449912145616e+00
5.045045045045045029e+00,7.695767619259761716e+00
5.055055055055055035e+00,7.543342084944261394e+00
5.065065065065065042e+00,7.392252242694747899e+00
5.075075075075075048e+00,7.242482686208646214e+00
5.085085085085085055e+00,7.094018205084423379e+00
5.095095095095095061e+00,6.946843782742715412e+00
5.105105105105105068e+00,6.800944594338262483e+00
5.115115115115115074e+00,6.656306004664465092e+00
5.125125125125125081e+00,6.512913566052704439e+00
5.135135135135135087e+00,6.370753016268085211e+00
5.145145145145145094e+00,6.229810276403487279e+00
5.155155155155155100e+00,6.090071448773379359e+00
5.165165165165165106e+00,5.951522814809099060e+00
5.175175175175175113e+00,5.814150832956857862e+00
5.185185185185185119e+00,5.677942136580027999e+00
5.195195195195195126e+00,5.542883531866731772e+00
5.205205205205205132e+00,5.408961995744210327e+00
5.215215215215215139e+00,5.276164673800808558e+00
5.225225225225225145e+00,5.144478878216830253e+00
5.235235235235235152e+00,5.013892085705122348e+00
5.245245245245245158e+00,4.884391935462318202e+00
5.255255255255255165e+00,4.755966227131685820e+00
5.265265265265265171e+00,4.628602918778128128e+00
5.275275275275275177e+00,4.502290124876420663e+00
5.285285285285285184e+00,4.377016114313006412e+00
5.295295295295295190e+00,4.252769308402256421e+00
5.305305305305305197e+00,4.129538278917577188e+00
5.315315315315315203e+00,4.007311746138063846e+00
5.325325325325325210e+00,3.886078576911009996e+00
5.335335335335335216e+00,3.765827782730978068e+00
5.345345345345345223e+00,3.646548517835479064e+00
5.355355355355355229e+00,3.528230077318040614e+00
5.365365365365365236e+00,3.410861895258648691e+00
5.375375375375375242e+00,3.294433542872145626e+00
5.385385385385385248e+00,3.178934726674616407e+00
5.395395395395395255e+00,3.064355286668175360e+00
5.405405405405405261e+00,2.951291060149462631e+00
5.415415415415415268e+00,2.840957774383227274e+00
5.425425425425425274e+00,2.733340534016585721e+00
5.435435435435435281e+00,2.628388050778677876e+00
5.445445445445445287e+00,2.526050752763439267e+00
5.455455455455455294e+00,2.426280727868582066e+00
5.465465465465465300e+00,2.329031669599389343e+00
5.475475475475475307e+00,2.234258825137484639e+00
5.485485485485485313e+00,2.141918945578901834e+00
5.495495495495495319e+00,2.051970238250549805e+00
5.505505505505505326e+00,1.964372321018106327e+00
5.515515515515515332e+00,1.879086178502547888e+00
5.525525525525525339e+00,1.796074120126232465e+00
5.535535535535535345e+00,1.715299739913348498e+00
5.545545545545545352e+00,1.636727877972780965e+00
5.555555555555555358e+00,1.560324583595136261e+00
5.565565565565565365e+00,1.486057079898589040e+00
5.575575575575575371e+00,1.413893729961494428e+00
5.585585585585585378e+00,1.343804004382592732e+00
5.595595595595595384e+00,1.275758450212372663e+00
5.605605605605605390e+00,1.209728661202018163e+00
5.615615615615615397e+00,1.145687249318693812e+00
5.625625625625625403e+00,1.083607817478640101e+00
5.635635635635635410e+00,1.023464933451611936e+00
5.645645645645645416e+00,9.652341048927873812e-01
5.655655655655655423e+00,9.088917554599635906e-01
5.665665665665665429e+00,8.544152019764252870e-01
5.675675675675675436e+00,8.017826326013262062e-01
5.685685685685685442e+00,7.509730859717028695e-01
5.695695695695695449e+00,7.019664312817540663e-01
5.705705705705705455e+00,6.547433492669555433e-01
5.715715715715715461e+00,6.092853140620019259e-01
5.725725725725725468e+00,5.655745759033511399e-01
5.735735735735735474e+00,5.235941446485212758e-01
5.745745745745745481e+00,4.833277740857787608e-01
5.755755755755755487e+00,4.447599470092647445e-01
5.765765765765765494e+00,4.078758610359397019e-01
5.775775775775775500e+00,3.726614151419371246e-01
5.785785785785785507e+00,3.391031968972584298e-01
5.795795795795795513e+00,3.071884703788811399e-01
5.805805805805805520e+00,2.769051647434112584e-01
5.815815815815815526e+00,2.482418634416937442e-01
5.825825825825825532e+00,2.211877940586767510e-01
5.835835835835835539e+00,1.957328187629363558e-01
5.845845845845845545e+00,1.718674253513006733e-01
5.855855855855855552e+00,1.495827188748219683e-01
5.865865865865865558e+00,1.288704138335032279e-01
5.875875875875875565e+00,1.097228269278343882e-01
5.885885885885885571e+00,9.213287035628027477e-02
5.895895895895895578e+00,7.609404564859012510e-02
5.905905905905905584e+00,6.160043802570890764e-02
5.915915915915915591e+00,4.864671127777921156e-02
5.925925925925925597e+00,3.722810315265619868e-02
5.935935935935935603e+00,2.734042124801404350e-02
5.945945945945945610e+00,1.898003940093475825e-02
5.955955955955955616e+00,1.214389456964724660e-02
5.965965965965965623e+00,6.829484202745067511e-03
5.975975975975975629e+00,3.034864092032454972e-03
5.985985985985985636e+00,7.586467057904698781e-04
5.995995995995995642e+00,0.000000000000000000e+00
6.006006006006005649e+00,0.000000000000000000e+00
6.016016016016015655e+00,1.471395546846242892e-03
6.026026026026025662e+00,5.884898880636887583e-03
6.036036036036035668e+00,1.323845958651100746e-02
6.046046046046045674e+00,2.352865865733055895e-02
6.056056056056055681e+00,3.675070601912070606e-02
6.066066066066065687e+00,5.289843706469302131e-02
6.076076076076075694e+00,7.196430819345479846e-02
6.086086086086085700e+00,9.393939135473090840e-02
6.096096096096095707e+00,1.188133675913011639e-01
6.106106106106105713e+00,1.465745195792298727e-01
6.116116116116115720e+00,1.772097231592436595e-01
6.126126126126125726e+00,2.107044378541749197e-01
6.136136136136135732e+00,2.470426963661769004e-01
6.146146146146145739e+00,2.862070930464183927e-01
6.156156156156155745e+00,3.281787713291156039e-01
6.166166166166165752e+00,3.729374101205606973e-01
6.176176176176175758e+00,4.204612091327709078e-01
6.186186186186185765e+00,4.707268731500466874e-01
6.196196196196195771e+00,5.237095952153932865e-01
6.206206206206205778e+00,5.793830387223473100e-01
6.216216216216215784e+00,6.377193183960223610e-01
6.226226226226225791e+00,6.986889801456361848e-01
6.236236236236235797e+00,7.622609797686805688e-01
6.246246246246245803e+00,8.284026604850986963e-01
6.256256256256255810e+00,8.970797292774775888e-01
6.266266266266265816e+00,9.682562320109464604e-01
6.276276276276275823e+00,1.041894527303915519e+00
6.286286286286285829e+00,1.117955259118084355e+00
6.296296296296295836e+00,1.196397328033033780e+00
6.306306306306305842e+00,1.277177861167732242e+00
6.316316316316315849e+00,1.360252180707657965e+00
6.326326326326325855e+00,1.445573770992789608e+00
6.336336336336335862e+00,1.533094244117458649e+00
6.346346346346345868e+00,1.622763303989230854e+00
6.356356356356355874e+00,1.714528708789118339e+00
6.366366366366365881e+00,1.808336231770817149e+00
6.376376376376375887e+00,1.904129620331410866e+00
6.386386386386385894e+00,2.001850553280541956e+00
6.396396396396395900e+00,2.101438596229157074e+00
6.406406406406405907e+00,2.202831155012662467e+00
6.416416416416416801e+00,2.305963427056792359e+00
6.426426426426426808e+00,2.410768350587324527e+00
6.436436436436436814e+00,2.517176551577307908e+00
6.446446446446446821e+00,2.625116288317515423e+00
6.456456456456456827e+00,2.734513393487376209e+00
6.466466466466466834e+00,2.845291213594695723e+00
6.476476476476476840e+00,2.957370545642934001e+00
6.486486486486486847e+00,3.070669570874825727e+00
6.496496496496496853e+00,3.185103785430458689e+00
6.506506506506506859e+00,3.300585927746710890e+00
6.516516516516516866e+00,3.417025902513056934e+00
6.526526526526526872e+00,3.534330700986274998e+00
6.536536536536536879e+00,3.652404317453284310e+00
6.546546546546546885e+00,3.771147661617551883e+00
6.556556556556556892e+00,3.890458466669665771e+00
6.566566566566566898e+00,4.010231192787444776e+00
6.576576576576576905e+00,4.130356925794536949e+00
6.586586586586586911e+00,4.250723270689598543e+00
6.596596596596596918e+00,4.371214239740120355e+00
6.606606606606606924e+00,4.491710134816337074e+00
6.616616616616616930e+00,4.612087423621049176e+00
6.626626626626626937e+00,4.732218609450622893e+00
6.636636636636636943e+00,4.851972094101133059e+00
6.646646646646646950e+00,4.971212033511235973e+00
6.656656656656656956e+00,5.089798185710335154e+00
6.666666666666666963e+00,5.207585750616342324e+00
6.676676676676676969e+00,5.324425201202640956e+00
6.686686686686686976e+00,5.440162105528035141e+00
6.696696696696696982e+00,5.554636939097051140e+00
6.706706706706706989e+00,5.667684886990840276e+00
6.716716716716716995e+00,5.779135635181317454e+00
6.726726726726727001e+00,5.888813150412842923e+00
6.736736736736737008e+00,5.996535448007789704e+00
6.746746746746747014e+00,6.102114346923438681e+00
6.756756756756757021e+00,6.205355211359911749e+00
6.766766766766767027e+00,6.306056678190820719e+00
6.776776776776777034e+00,6.404010369461856200e+00
6.786786786786787040e+00,6.499000589177082787e+00
6.796796796796797047e+00,6.590804003569298075e+00
6.806806806806807053e+00,6.679167654613032745e+00
6.816816816816817060e+00,6.763180509321665035e+00
6.826826826826827066e+00,6.842411002923086905e+00
6.836836836836837072e+00,6.916791165444943879e+00
6.846846846846847079e+00,6.986251447680722038e+00
6.856856856856857085e+00,7.050720682866010947e+00
6.866866866866867092e+00,7.110126048672590571e+00
6.876876876876877098e+00,7.164393029622598164e+00
6.886886886886887105e+00,7.213445380035166998e+00
6.896896896896897111e+00,7.257205087629300166e+00
6.906906906906907118e+00,7.295592337918497705e+00
6.916916916916917124e+00,7.328525479545914934e+00
6.926926926926927131e+00,7.355920990722555786e+00
6.936936936936937137e+00,7.377693446946185674e+00
6.946946946946947143e+00,7.393755490194597435e+00
6.956956956956957150e+00,7.404017799804321953e+00
6.966966966966967156e+00,7.408389065264160855e+00
6.976976976976977163e+00,7.406775961172867184e+00
6.986986986986987169e+00,7.399083124631291142e+00
6.996996996996997176e+00,7.385213135361835768e+00
7.007007007007007182e+00,7.365066498872040235e+00
7.017017017017017189e+00,7.338541633004428633e+00
7.027027027027027195e+00,7.305534858241805374e+00
7.037037037037037202e+00,7.265940392165660455e+00
7.047047047047047208e+00,7.219650348495360248e+00
7.057057057057057214e+00,7.166554741167657561e+00
7.067067067067067221e+00,7.106541493949171340e+00
7.077077077077077227e+00,7.039496456109450406e+00
7.087087087087087234e+00,6.965303424718700676e+00
7.097097097097097240e+00,6.883844174172049968e+00
7.107107107107107247e+00,6.794998493581617893e+00
7.117117117117117253e+00,6.698644232718312885e+00
7.127127127127127260e+00,6.594657357226759054e+00
7.137137137137137266e+00,6.482912013879906787e+00
7.147147147147147273e+00,6.363280606682670815e+00
7.157157157157157279e+00,6.235633884678303041e+00
7.167167167167167285e+00,6.099841042354683829e+00
7.177177177177177292e+00,5.955769833591377349e+00
7.187187187187187298e+00,5.803286700131017994e+00
7.197197197197197305e+00,5.642256915599777045e+00
7.207207207207207311e+00,5.472544746140841632e+00
7.217217217217217318e+00,5.294013628761442547e+00
7.227227227227227324e+00,5.106526368526328241e+00
7.237237237237237331e+00,4.909945355759014696e+00
7.247247247247247337e+00,4.704132804434205894e+00
7.257257257257257343e+00,4.488951012960350262e+00
7.267267267267267350e+00,4.264262648558230673e+00
7.277277277277277356e+00,4.029931056439012060e+00
7.287287287287287363e+00,3.785820594970832342e+00
7.297297297297297369e+00,3.531796997996149656e+00
7.307307307307307376e+00,3.267727765419437436e+00
7.317317317317317382e+00,2.993482583125859797e+00
7.327327327327327389e+00,2.708933773213014540e+00
7.337337337337337395e+00,2.413956775418052647e+00
7.347347347347347402e+00,2.108430660499053033e+00
7.357357357357357408e+00,1.792238676180269108e+00
7.367367367367367414e+00,1.465268826093139687e+00
7.377377377377377421e+00,1.127414481936862334e+00
7.387387387387387427e+00,7.785750288416268816e-01
7.397397397397397434e+00,4.186565436420661146e-01
7.407407407407407440e+00,4.757250545685171028e-02
7.417417417417417447e+00,-3.347554623788783768e-01
7.427427427427427453e+00,-7.283968203697636090e-01
7.437437437437437460e+00,-1.133411312673219262e+00
7.447447447447447466e+00,-1.549848140902555071e+00
7.457457457457457473e+00,-1.977745114656481284e+00
7.467467467467467479e+00,-2.417127782048743789e+00
7.477477477477477485e+00,-2.868008544081826372e+00
7.487487487487487492e+00,-3.330385757306125072e+00
7.497497497497497498e+00,-3.804242829825137395e+00
7.507507507507507505e+00,-4.289547316341907113e+00
7.517517517517517511e+00,-4.786250018581906573e+00
7.527527527527527518e+00,-5.294284098064080624e+00
7.537537537537537524e+00,-5.813564208812432632e+00
7.547547547547547531e+00,-6.343985658192204724e+00
7.557557557557557537e+00,-6.885423604602895153e+00
7.567567567567567544e+00,-7.437732301249285527e+00
7.577577577577577550e+00,-8.000744395624366234e+00
7.587587587587587556e+00,-8.574270294657100777e+00
7.597597597597597563e+00,-9.158097605685970422e+00
7.607607607607607569e+00,-9.751990663497975831e+00
7.617617617617617576e+00,-1.035569015360626821e+01
7.627627627627627582e+00,-1.096891284171221770e+01
7.637637637637637589e+00,-1.159135141889542098e+01
7.647647647647647595e+00,-1.222267447148876762e+01
7.657657657657657602e+00,-1.286252658381645908e+01
7.667667667667667608e+00,-1.351052858099860821e+01
7.677677677677677615e+00,-1.416627791785765922e+01
7.687687687687687621e+00,-1.482934921860678301e+01
7.697697697697697627e+00,-1.549929497046866622e+01
7.707707707707707634e+00,-1.617564637268614192e+01
7.717717717717717640e+00,-1.685791434056263682e+01
7.727727727727727647e+00,-1.754559066224396346e+01
7.737737737737737653e+00,-1.823814930395414535e+01
7.747747747747747660e+00,-1.893504785736674023e+01
7.757757757757757666e+00,-1.963572912077028221e+01
7.767767767767767673e+00,-2.033962280371619258e+01
7.777777777777777679e+00,-2.104614734296494305e+01
7.787787787787787686e+00,-2.175471181581415081e+01
7.797797797797797692e+00,-2.246471793534564299e+01
7.807807807807807698e+00,-2.317556211080333739e+01
7.817817817817817705e+00,-2.388663755524633103e+01
7.827827827827827711e+00,-2.459733642183808300e+01
7.837837837837837718e+00,-2.530705194965612392e+01
7.847847847847847724e+00,-2.601518059974626951e+01
7.857857857857857731e+00,-2.672112416230938337e+01
7.867867867867867737e+00,-2.742429181639018054e+01
7.877877877877877744e+00,-2.812410212422409828e+01
7.887887887887887750e+00,-2.881998494346953166e+01
7.897897897897897757e+00,-2.951138324188047690e+01
7.907907907907907763e+00,-3.019775480052491190e+01
7.917917917917917769e+00,-3.087857379338717578e+01
7.927927927927927776e+00,-3.155333223306748991e+01
7.937937937937937782e+00,-3.222154127426294679e+01
7.947947947947947789e+00,-3.288273236873705940e+01
7.957957957957957795e+00,-3.353645826751664316e+01
7.967967967967967802e+00,-3.418229386805226966e+01
7.977977977977977808e+00,-3.481983690600485204e+01
7.987987987987987815e+00,-3.544870849314138184e+01
7.997997997997997821e+00,-3.606855350450989306e+01
8.008008008008008716e+00,-3.667904081959119367e+01
8.018018018018018722e+00,-3.727986342347953297e+01
8.028028028028028729e+00,-3.787073837530923015e+01
8.038038038038038735e+00,-3.845140665211631870e+01
8.048048048048048742e+00,-3.902163287710116180e+01
8.058058058058058748e+00,-3.958120494184234417e+01
8.068068068068068754e+00,-4.012993353241066785e+01
8.078078078078078761e+00,-4.066765156955948157e+01
8.088088088088088767e+00,-4.119421357323027877e+01
8.098098098098098774e+00,-4.170949496153327374e+01
8.108108108108108780e+00,-4.221339129415215297e+01
8.118118118118118787e+00,-4.270581746980249704e+01
8.128128128128128793e+00,-4.318670688695960536e+01
8.138138138138138800e+00,-4.365601057658120965e+01
8.148148148148148806e+00,-4.411369631500209465e+01
8.158158158158158813e+00,-4.455974772458524313e+01
8.168168168168168819e+00,-4.499416336909347081e+01
8.178178178178178825e+00,-4.541695585010910463e+01
8.188188188188188832e+00,-4.582815091018805731e+01
8.198198198198198838e+00,-4.622778654780174179e+01
8.208208208208208845e+00,-4.661591214850044906e+01
8.218218218218218851e+00,-4.699258763613487133e+01
8.228228228228228858e+00,-4.735788264740223497e+01
8.238238238238238864e+00,-4.771187573244737479e+01
8.248248248248248871e+00,-4.805465358374568297e+01
8.258258258258258877e+00,-4.838631029503083880e+01
8.268268268268268884e+00,-4.870694665160339554e+01
8.278278278278278890e+00,-4.901666945296919664e+01
8.288288288288288896e+00,-4.931559086840778150e+01
8.298298298298298903e+00,-4.960382782575928928e+01
8.308308308308308909e+00,-4.988150143344378051e+01
8.318318318318318916e+00,-5.014873643548654769e+01
8.328328328328328922e+00,-5.040566069911493230e+01
8.338338338338338929e+00,-5.065240473431544643e+01
8.348348348348348935e+00,-5.088910124459021489e+01
8.358358358358358942e+00,-5.111588470802950468e+01
8.368368368368368948e+00,-5.133289098771702186e+01
8.378378378378378954e+00,-5.154025697040665932e+01
8.388388388388388961e+00,-5.173812023235039703e+01
8.398398398398398967e+00,-5.192661873111487125e+01
8.408408408408408974e+00,-5.210589052219722817e+01
8.418418418418418980e+00,-5.227607349923689384e+01
8.428428428428428987e+00,-5.243730515661727765e+01
8.438438438438438993e+00,-5.258972237325860277e+01
8.448448448448449000e+00,-5.273346121641888118e+01
8.458458458458459006e+00,-5.286865676434180727e+01
8.468468468468469013e+00,-5.299544294661898647e+01
8.478478478478479019e+00,-5.311395240116653582e+01
8.488488488488489025e+00,-5.322431634675242407e+01
8.498498498498499032e+00,-5.332666447005012600e+01
8.508508508508509038e+00,-5.342112482623557668e+01
8.518518518518519045e+00,-5.350782375218692977e+01
8.528528528528529051e+00,-5.358688579139019481e+01
8.538538538538539058e+00,-5.365843362969769714e+01
8.548548548548549064e+00,-5.372258804113000252e+01
8.558558558558559071e+00,-5.377946784295527749e+01
8.568568568568569077e+00,-5.382918985932283107e+01
8.578578578578579084e+00,-5.387186889276924973e+01
8.588588588588589090e+00,-5.390761770295579680e+01
8.598598598598599096e+00,-5.393654699203550962e+01
8.608608608608609103e+00,-5.395876539608585887e+01
8.618618618618619109e+00,-5.397437948207946334e+01
8.628628628628629116e+00,-5.398349374989999916e+01
8.638638638638639122e+00,-5.398621063894372440e+01
8.648648648648649129e+00,-5.398263053887883700e+01
8.658658658658659135e+00,-5.397285180416456996e+01
8.668668668668669142e+00,-5.395697077196076208e+01
8.678678678678679148e+00,-5.393508178308513834e+01
8.688688688688689155e+00,-5.390727720570123438e+01
8.698698698698699161e+00,-5.387364746144358918e+01
8.708708708708709167e+00,-5.383428105370906991e+01
8.718718718718719174e+00,-5.378926459786477210e+01
8.728728728728729180e+00,-5.373868285314197379e+01
8.738738738738739187e+00,-5.368261875600450850e+01
8.748748748748749193e+00,-5.362115345479706008e+01
8.758758758758759200e+00,-5.355436634549452890e+01
8.768768768768769206e+00,-5.348233510838931437e+01
8.778778778778779213e+00,-5.340513574556629806e+01
8.788788788788789219e+00,-5.332284261902906053e+01
8.798798798798799226e+00,-5.323552848935234039e+01
8.808808808808809232e+00,-5.314326455474691357e+01
8.818818818818819238e+00,-5.304612049043333855e+01
8.828828828828829245e+00,-5.294416448823062638e+01
8.838838838838839251e+00,-5.283746329627445704e+01
8.848848848848849258e+00,-5.272608225878758503e+01
8.858858858858859264e+00,-5.261008535583265200e+01
8.868868868868869271e+00,-5.248953524298453033e+01
8.878878878878879277e+00,-5.236449329086509863e+01
8.888888888888889284e+00,-5.223501962448978020e+01
8.898898898898899290e+00,-5.210117316237973029e+01
8.908908908908909297e+00,-5.196301165539896516e+01
8.918918918918919303e+00,-5.182059172527966240e+01
8.928928928928929309e+00,-5.167396890280306820e+01
8.938938938938939316e+00,-5.152319766560704295e+01
8.948948948948949322e+00,-5.136833147559449486e+01
8.958958958958959329e+00,-5.120942281592006395e+01
8.968968968968969335e+00,-5.104652322753491234e+01
8.978978978978979342e+00,-5.087968334527202785e+01
8.988988988988989348e+00,-5.070895293345681409e+01
8.998998998998999355e+00,-5.053438092102903312e+01
9.009009009009009361e+00,-5.035601543616492393e+01
9.019019019019019368e+00,-5.017390384038871787e+01
9.029029029029029374e+00,-4.998809276216509545e+01
9.039039039039039380e+00,-4.979862812996495336e+01
9.049049049049049387e+00,-4.960555520479758229e+01
9.059059059059059393e+00,-4.940891861220389814e+01
9.069069069069069400e+00,-4.920876237370580242e+01
9.079079079079079406e+00,-4.900512993770736614e+01
9.089089089089089413e+00,-4.879806420984437665e+01
9.099099099099099419e+00,-4.858760758277889380e+01
9.109109109109109426e+00,-4.837380196543644928e+01
9.119119119119119432e+00,-4.815668881168300430e+01
9.129129129129129439e+00,-4.793630914843988933e+01
9.139139139139139445e+00,-4.771270360323451598e+01
9.149149149149149451e+00,-4.748591243118509198e+01
9.159159159159159458e+00,-4.725597554141764789e+01
9.169169169169169464e+00,-4.702293252291345738e+01
9.179179179179179471e+00,-4.678682266978534443e+01
9.189189189189189477e+00,-4.654768500598108005e+01
9.199199199199199484e+00,-4.630555830941204221e+01
9.209209209209209490e+00,-4.606146974211331013e+01
9.219219219219219497e+00,-4.581755491757191123e+01
9.229229229229229503e+00,-4.557401825118294170e+01
9.239239239239239510e+00,-4.533099886948736668e+01
9.249249249249249516e+00,-4.508863178691630935e+01
9.259259259259259522e+00,-4.484704802199849638e+01
9.269269269269269529e+00,-4.460637470811081329e+01
9.279279279279279535e+00,-4.436673519918969077e+01
9.289289289289289542e+00,-4.412824917079210962e+01
9.299299299299299548e+00,-4.389103271686695251e+01
9.309309309309309555e+00,-4.365519844257168813e+01
9.319319319319319561e+00,-4.342085555344318237e+01
9.329329329329329568e+00,-4.318810994120903501e+01
9.339339339339339574e+00,-4.295706426650291831e+01
9.349349349349349581e+00,-4.272781803872647544e+01
9.359359359359359587e+00,-4.250046769328068308e+01
9.369369369369369593e+00,-4.227510666637056858e+01
9.379379379379379600e+00,-4.205182546757003337e+01
9.389389389389389606e+00,-4.183071175031687261e+01
9.399399399399399613e+00,-4.161185038049233498e+01
9.409409409409409619e+00,-4.139532350322538434e+01
9.419419419419419626e+00,-4.118121060804842415e+01
9.429429429429429632e+00,-4.096958859251792973e+01
9.439439439439439639e+00,-4.076053182440211486e+01
9.449449449449449645e+00,-4.055411220252674553e+01
9.459459459459459651e+00,-4.035039921635941340e+01
9.469469469469469658e+00,-4.014946000440392737e+01
9.479479479479479664e+00,-3.995135941146703829e+01
9.489489489489489671e+00,-3.975616004485145538e+01
9.499499499499499677e+00,-3.956392232952243404e+01
9.509509509509509684e+00,-3.937470456228734150e+01
9.519519519519519690e+00,-3.918856296502178083e+01
9.529529529529529697e+00,-3.900555173697025424e+01
9.539539539539539703e+00,-3.882572310614330746e+01
9.549549549549549710e+00,-3.864912737982923119e+01
9.559559559559559716e+00,-3.847581299423311663e+01
9.569569569569569722e+00,-3.830582656325299240e+01
9.579579579579579729e+00,-3.813921292639833638e+01
9.589589589589589735e+00,-3.797601519585418117e+01
9.599599599599599742e+00,-3.781627480268986830e+01
9.609609609609609748e+00,-3.766003154221041171e+01
9.619619619619619755e+00,-3.750732361844501384e+01
9.629629629629629761e+00,-3.735818768776636034e+01
9.639639639639639768e+00,-3.721265890163198975e+01
9.649649649649649774e+00,-3.707077094843779719e+01
9.659659659659659781e+00,-3.693255609447271581e+01
9.669669669669669787e+00,-3.679804522396263167e+01
9.679679679679679793e+00,-3.666726787819032296e+01
9.689689689689689800e+00,-3.654025229367810113e+01
9.699699699699699806e+00,-3.641702543941919146e+01
9.709709709709709813e+00,-3.629761305314345066e+01
9.719719719719719819e+00,-3.618203967660276987e+01
9.729729729729729826e+00,-3.607032868986168239e+01
9.739739739739739832e+00,-3.596250234457835404e+01
9.749749749749749839e+00,-3.585858179626128361e+01
9.759759759759759845e+00,-3.575858713548768009e+01
9.769769769769769852e+00,-3.566253741806881550e+01
9.779779779779779858e+00,-3.557045069414876082e+01
9.789789789789789864e+00,-3.548234403622305422e+01
9.799799799799799871e+00,-3.539823356606382276e+01
9.809809809809809877e+00,-3.531813448053902249e+01
9.819819819819819884e+00,-3.524206107631336238e+01
9.829829829829829890e+00,-3.517002677341906747e+01
9.839839839839839897e+00,-3.510204413768571641e+01
9.849849849849849903e+00,-3.503812490201797658e+01
9.859859859859859910e+00,-3.497827998651136738e+01
9.869869869869869916e+00,-3.492251951739662985e+01
9.879879879879879923e+00,-3.487085284480348690e+01
9.889889889889889929e+00,-3.482328855933548084e+01
9.899899899899899935e+00,-3.477983450744826399e+01
9.909909909909909942e+00,-3.474049780562396705e+01
9.919919919919919948e+00,-3.470528485333487367e+01
9.929929929929929955e+00,-3.467420134479079508e+01
9.939939939939939961e+00,-3.464725227946426855e+01
9.949949949949949968e+00,-3.462444197138907498e+01
9.959959959959959974e+00,-3.460577405722719391e+01
9.969969969969969981e+00,-3.459125150310157437e+01
9.979979979979979987e+00,-3.458087661019018100e+01
9.989989989989989994e+00,-3.457465101907997251e+01
1.000000000000000000e+01,-3.457257571287828313e+01
