0.000000000000000000e+00,1.419097664272196135e-01
1.001001001001000992e-02,1.456058130366028602e-01
2.002002002002001985e-02,1.566939528647526836e-01
3.003003003003002977e-02,1.751741859116690003e-01
4.004004004004003969e-02,2.010465121773518937e-01
5.005005005005004615e-02,2.343109316618012805e-01
6.006006006006005954e-02,2.749674443650171884e-01
7.007007007007007293e-02,3.230160502869997563e-01
8.008008008008007939e-02,3.784567494277487065e-01
9.009009009009008584e-02,4.412895417872642057e-01
1.001001001001000923e-01,5.115144273655463092e-01
1.101101101101101126e-01,5.891314061625950727e-01
1.201201201201201191e-01,6.741404781784101630e-01
1.301301301301301394e-01,7.665416434129919132e-01
1.401401401401401459e-01,8.663349018663402124e-01
1.501501501501501523e-01,9.735202535384548383e-01
1.601601601601601588e-01,1.088097698429336235e+00
1.701701701701701652e-01,1.210067236538983959e+00
1.801801801801801717e-01,1.339428867867398010e+00
1.901901901901901781e-01,1.476182592414579497e+00
2.002002002002001846e-01,1.620328410180526868e+00
2.102102102102102188e-01,1.771866321165240787e+00
2.202202202202202252e-01,1.930796325368721256e+00
2.302302302302302317e-01,2.097118422790968495e+00
2.402402402402402382e-01,2.270832613431981617e+00
2.502502502502502724e-01,2.451938897291761954e+00
2.602602602602602788e-01,2.640437274370308618e+00
2.702702702702702853e-01,2.836327744667621165e+00
2.802802802802802917e-01,3.039610308183702259e+00
2.902902902902902982e-01,3.250284964918548791e+00
3.003003003003003046e-01,3.468351714872160763e+00
3.103103103103103111e-01,3.693810558044540837e+00
3.203203203203203175e-01,3.926661494435685906e+00
3.303303303303303240e-01,4.166904524045598635e+00
3.403403403403403304e-01,4.414539646874277246e+00
3.503503503503503369e-01,4.669566862921723072e+00
3.603603603603603434e-01,4.931986172187933448e+00
3.703703703703703498e-01,5.201797574672913704e+00
3.803803803803803563e-01,5.479001070376659399e+00
3.903903903903903627e-01,5.763596659299170533e+00
4.004004004004003692e-01,6.055584341440447993e+00
4.104104104104104311e-01,6.354964116800492668e+00
4.204204204204204376e-01,6.661735985379304559e+00
4.304304304304304440e-01,6.975899947176881000e+00
4.404404404404404505e-01,7.297456002193226432e+00
4.504504504504504570e-01,7.626404150428337303e+00
4.604604604604604634e-01,7.962744391882216277e+00
4.704704704704704699e-01,8.306476726554858914e+00
4.804804804804804763e-01,8.657601154446268765e+00
4.904904904904904828e-01,9.016117675556445832e+00
5.005005005005005447e-01,9.382026289885388337e+00
5.105105105105105512e-01,9.755326997433099834e+00
5.205205205205205576e-01,1.013601979819957677e+01
5.305305305305305641e-01,1.052410469218481737e+01
5.405405405405405705e-01,1.091958167938882696e+01
5.505505505505505770e-01,1.132245075981160376e+01
5.605605605605605835e-01,1.173271193345314956e+01
5.705705705705705899e-01,1.215036520031345901e+01
5.805805805805805964e-01,1.257541056039253569e+01
5.905905905905906028e-01,1.300784801369037780e+01
6.006006006006006093e-01,1.344752971834261146e+01
6.106106106106106157e-01,1.388957689282484864e+01
6.206206206206206222e-01,1.433162406730708760e+01
6.306306306306306286e-01,1.477367124178932478e+01
6.406406406406406351e-01,1.521571841627156552e+01
6.506506506506506415e-01,1.565776559075380447e+01
6.606606606606606480e-01,1.609981276523604166e+01
6.706706706706706544e-01,1.654185993971828239e+01
6.806806806806806609e-01,1.698390711420051957e+01
6.906906906906906674e-01,1.742595428868275675e+01
7.007007007007006738e-01,1.786800146316499749e+01
7.107107107107106803e-01,1.831004863764723467e+01
7.207207207207206867e-01,1.875209581212947185e+01
7.307307307307306932e-01,1.919414298661171614e+01
7.407407407407406996e-01,1.963619016109395687e+01
7.507507507507507061e-01,2.007823733557619406e+01
7.607607607607607125e-01,2.052028451005843124e+01
7.707707707707707190e-01,2.096233168454067197e+01
7.807807807807807254e-01,2.140437885902290915e+01
7.907907907907907319e-01,2.184642603350514634e+01
8.008008008008007383e-01,2.228847320798738707e+01
8.108108108108108558e-01,2.273052038246962780e+01
8.208208208208208623e-01,2.317256755695186499e+01
8.308308308308308687e-01,2.361461473143410572e+01
8.408408408408408752e-01,2.405666190591634290e+01
8.508508508508508816e-01,2.449870908039858008e+01
8.608608608608608881e-01,2.494075625488082082e+01
8.708708708708708945e-01,2.538280342936305800e+01
8.808808808808809010e-01,2.582485060384530229e+01
8.908908908908909074e-01,2.626689777832753947e+01
9.009009009009009139e-01,2.670894495280978020e+01
9.109109109109109204e-01,2.715099212729201739e+01
9.209209209209209268e-01,2.759303930177425457e+01
9.309309309309309333e-01,2.803508647625649530e+01
9.409409409409409397e-01,2.847713365073873248e+01
9.509509509509509462e-01,2.891918082522096967e+01
9.609609609609609526e-01,2.936122799970321040e+01
9.709709709709709591e-01,2.980327517418545114e+01
9.809809809809809655e-01,3.024532234866768476e+01
9.909909909909909720e-01,3.068736952314992550e+01
1.001001001001001089e+00,3.112941669763216623e+01
1.011011011011011096e+00,3.157146387211440342e+01
1.021021021021021102e+00,3.201351104659664060e+01
1.031031031031031109e+00,3.245555822107888133e+01
1.041041041041041115e+00,3.289760539556111496e+01
1.051051051051051122e+00,3.333965257004335569e+01
1.061061061061061128e+00,3.378169974452559643e+01
1.071071071071071135e+00,3.422374691900783006e+01
1.081081081081081141e+00,3.466579409349007079e+01
1.091091091091091148e+00,3.510784126797231153e+01
1.101101101101101154e+00,3.554988844245455226e+01
1.111111111111111160e+00,3.599193561693679300e+01
1.121121121121121167e+00,3.643398279141903373e+01
1.131131131131131173e+00,3.687602996590127447e+01
1.141141141141141180e+00,3.731807714038351520e+01
1.151151151151151186e+00,3.776012431486575593e+01
1.161161161161161193e+00,3.820217148934799667e+01
1.171171171171171199e+00,3.864421866383023740e+01
1.181181181181181206e+00,3.908626583831247103e+01
1.191191191191191212e+00,3.952831301279471177e+01
1.201201201201201219e+00,3.997036018727695250e+01
1.211211211211211225e+00,4.041240736175918613e+01
1.221221221221221231e+00,4.085445453624142687e+01
1.231231231231231238e+00,4.129650171072366760e+01
1.241241241241241244e+00,4.173854888520590123e+01
1.251251251251251251e+00,4.218059605968814196e+01
1.261261261261261257e+00,4.262264323417038270e+01
1.271271271271271264e+00,4.306469040865261633e+01
1.281281281281281270e+00,4.350673758313485706e+01
1.291291291291291277e+00,4.394878475761709780e+01
1.301301301301301283e+00,4.439083193209933142e+01
1.311311311311311290e+00,4.483287910658157216e+01
1.321321321321321296e+00,4.527492628106381289e+01
1.331331331331331302e+00,4.571697345554604652e+01
1.341341341341341309e+00,4.615902063002828726e+01
1.351351351351351315e+00,4.660106780451052799e+01
1.361361361361361322e+00,4.704311497899276162e+01
1.371371371371371328e+00,4.748516215347500236e+01
1.381381381381381335e+00,4.792720932795724309e+01
1.391391391391391341e+00,4.836925650243947672e+01
1.401401401401401348e+00,4.881130367692171745e+01
1.411411411411411354e+00,4.925335085140395819e+01
1.421421421421421361e+00,4.969539802588619182e+01
1.431431431431431367e+00,5.013744520036843255e+01
1.441441441441441373e+00,5.057949237485067329e+01
1.451451451451451380e+00,5.102153954933292113e+01
1.461461461461461386e+00,5.146358672381516186e+01
1.471471471471471393e+00,5.190563389829739549e+01
1.481481481481481399e+00,5.234768107277963622e+01
1.491491491491491406e+00,5.278972824726187696e+01
1.501501501501501412e+00,5.323177542174411059e+01
1.511511511511511419e+00,5.367382259622635132e+01
1.521521521521521425e+00,5.411586977070859206e+01
1.531531531531531432e+00,5.455791694519082569e+01
1.541541541541541438e+00,5.499996411967306642e+01
1.551551551551551444e+00,5.544201129415530716e+01
1.561561561561561451e+00,5.588405846863754789e+01
1.571571571571571457e+00,5.632610564311978862e+01
1.581581581581581464e+00,5.676815281760202936e+01
1.591591591591591470e+00,5.721019999208426299e+01
1.601601601601601477e+00,5.765224716656649662e+01
1.611611611611611705e+00,5.809429434104875156e+01
1.621621621621621712e+00,5.853634151553097809e+01
1.631631631631631718e+00,5.897838869001322593e+01
1.641641641641641725e+00,5.942043586449545955e+01
1.651651651651651731e+00,5.986248303897768608e+01
1.661661661661661737e+00,6.030453021345994102e+01
1.671671671671671744e+00,6.074657738794216755e+01
1.681681681681681750e+00,6.118862456242442249e+01
1.691691691691691757e+00,6.163067173690664902e+01
1.701701701701701763e+00,6.207271891138887554e+01
1.711711711711711770e+00,6.251476608587113049e+01
1.721721721721721776e+00,6.295681326035335701e+01
1.731731731731731783e+00,6.339886043483561195e+01
1.741741741741741789e+00,6.384090760931783848e+01
1.751751751751751796e+00,6.428295478380009342e+01
1.761761761761761802e+00,6.472500195828231995e+01
1.771771771771771808e+00,6.516704913276457489e+01
1.781781781781781815e+00,6.560909630724680142e+01
1.791791791791791821e+00,6.605114348172905636e+01
1.801801801801801828e+00,6.649319065621128289e+01
1.811811811811811834e+00,6.693523783069350941e+01
1.821821821821821841e+00,6.737728500517576435e+01
1.831831831831831847e+00,6.781933217965799088e+01
1.841841841841841854e+00,6.826137935414024582e+01
1.851851851851851860e+00,6.870342652862247235e+01
1.861861861861861867e+00,6.914547370310472729e+01
1.871871871871871873e+00,6.958752087758695382e+01
1.881881881881881879e+00,7.002956805206918034e+01
1.891891891891891886e+00,7.047161522655143528e+01
1.901901901901901892e+00,7.091366240103366181e+01
1.911911911911911899e+00,7.135570957551591675e+01
1.921921921921921905e+00,7.179775674999814328e+01
1.931931931931931912e+00,7.223980392448036980e+01
1.941941941941941918e+00,7.268185109896262475e+01
1.951951951951951925e+00,7.312389827344485127e+01
1.961961961961961931e+00,7.356594544792710622e+01
1.971971971971971938e+00,7.400799262240933274e+01
1.981981981981981944e+00,7.445003979689158768e+01
1.991991991991991950e+00,7.489208697137381421e+01
2.002002002002002179e+00,7.533413414585604073e+01
2.012012012012012185e+00,7.577618132033829568e+01
2.022022022022022192e+00,7.621822849482052220e+01
2.032032032032032198e+00,7.666027566930277715e+01
2.042042042042042205e+00,7.710232284378500367e+01
2.052052052052052211e+00,7.754437001826725862e+01
2.062062062062062218e+00,7.798641719274948514e+01
2.072072072072072224e+00,7.842846436723174008e+01
2.082082082082082231e+00,7.887051154171396661e+01
2.092092092092092237e+00,7.931255871619622155e+01
2.102102102102102243e+00,7.975460589067844808e+01
2.112112112112112250e+00,8.019665306516067460e+01
2.122122122122122256e+00,8.063870023964291534e+01
2.132132132132132263e+00,8.108074741412515607e+01
2.142142142142142269e+00,8.152279458860739680e+01
2.152152152152152276e+00,8.196484176308963754e+01
2.162162162162162282e+00,8.240688893757187827e+01
2.172172172172172289e+00,8.284893611205411901e+01
2.182182182182182295e+00,8.329098328653635974e+01
2.192192192192192302e+00,8.373303046101860048e+01
2.202202202202202308e+00,8.417507763550084121e+01
2.212212212212212314e+00,8.461712480998308195e+01
2.222222222222222321e+00,8.505917198446532268e+01
2.232232232232232327e+00,8.550121915894754920e+01
2.242242242242242334e+00,8.594326633342980415e+01
2.252252252252252340e+00,8.638531350791203067e+01
2.262262262262262347e+00,8.682736068239428562e+01
2.272272272272272353e+00,8.726940785687651214e+01
2.282282282282282360e+00,8.771145503135875288e+01
2.292292292292292366e+00,8.815350220584099361e+01
2.302302302302302373e+00,8.859554938032322013e+01
2.312312312312312379e+00,8.903759655480544666e+01
2.322322322322322385e+00,8.947964372928771581e+01
2.332332332332332392e+00,8.992169090376995655e+01
2.342342342342342398e+00,9.036373807825218307e+01
2.352352352352352405e+00,9.080578525273440960e+01
2.362362362362362411e+00,9.124783242721667875e+01
2.372372372372372418e+00,9.168987960169891949e+01
2.382382382382382424e+00,9.213192677618114601e+01
2.392392392392392431e+00,9.257397395066337253e+01
2.402402402402402437e+00,9.301365565531563107e+01
2.412412412412412444e+00,9.344609310861345364e+01
2.422422422422422450e+00,9.387113846869253564e+01
2.432432432432432456e+00,9.428879173555283444e+01
2.442442442442442463e+00,9.469905290919439267e+01
2.452452452452452469e+00,9.510192198961715349e+01
2.462462462462462476e+00,9.549739897682118794e+01
2.472472472472472482e+00,9.588548387080641078e+01
2.482482482482482489e+00,9.626617667157289304e+01
2.492492492492492495e+00,9.663947737912060632e+01
2.502502502502502502e+00,9.700538599344955060e+01
2.512512512512512508e+00,9.736390251455971168e+01
2.522522522522522515e+00,9.771502694245114640e+01
2.532532532532532521e+00,9.805875927712376949e+01
2.542542542542542527e+00,9.839509951857765202e+01
2.552552552552552534e+00,9.872404766681275134e+01
2.562562562562562540e+00,9.904560372182911010e+01
2.572572572572572547e+00,9.935976768362668565e+01
2.582582582582582553e+00,9.966653955220550642e+01
2.592592592592592560e+00,9.996591932756555821e+01
2.602602602602602566e+00,1.002579070097068268e+02
2.612612612612612573e+00,1.005425025986293406e+02
2.622622622622622579e+00,1.008197060943330854e+02
2.632632632632632586e+00,1.010895174968180754e+02
2.642642642642642592e+00,1.013519368060842680e+02
2.652652652652652598e+00,1.016069640221317201e+02
2.662662662662662605e+00,1.018545991449603889e+02
2.672672672672672611e+00,1.020948421745703172e+02
2.682682682682682618e+00,1.023276931109614623e+02
2.692692692692692624e+00,1.025531519541338383e+02
2.702702702702702631e+00,1.027712187040874454e+02
2.712712712712712637e+00,1.029818933608222977e+02
2.722722722722722644e+00,1.031851759243383668e+02
2.732732732732732650e+00,1.033810663946356954e+02
2.742742742742742657e+00,1.035695647717142265e+02
2.752752752752752663e+00,1.037506710555740170e+02
2.762762762762762669e+00,1.039243852462150102e+02
2.772772772772772676e+00,1.040907073436372769e+02
2.782782782782782682e+00,1.042496373478407463e+02
2.792792792792792689e+00,1.044011752588254751e+02
2.802802802802802695e+00,1.045453210765914207e+02
2.812812812812812702e+00,1.046820748011385973e+02
2.822822822822822708e+00,1.048114364324670049e+02
2.832832832832832715e+00,1.049334059705766578e+02
2.842842842842842721e+00,1.050479834154675274e+02
2.852852852852852727e+00,1.051551687671396564e+02
2.862862862862862734e+00,1.052549620255930023e+02
2.872872872872872740e+00,1.053473631908275792e+02
2.882882882882882747e+00,1.054323722628434012e+02
2.892892892892892753e+00,1.055099892416404543e+02
2.902902902902902760e+00,1.055802141272187242e+02
2.912912912912912766e+00,1.056430469195782393e+02
2.922922922922922773e+00,1.056984876187189855e+02
2.932932932932932779e+00,1.057465362246409768e+02
2.942942942942942786e+00,1.057871927373441849e+02
2.952952952952952792e+00,1.058204571568286383e+02
2.962962962962962798e+00,1.058463294830943227e+02
2.972972972972972805e+00,1.058648097161412380e+02
2.982982982982982811e+00,1.058758978559693844e+02
2.992992992992992818e+00,1.058795939025787760e+02
3.003003003003002824e+00,1.058795939025787760e+02
3.013013013013012831e+00,1.058788201188609577e+02
3.023023023023022837e+00,1.058764959509508969e+02
3.033033033033032844e+00,1.058726129470072834e+02
3.043043043043042850e+00,1.058671570153993855e+02
3.053053053053052857e+00,1.058601084168993509e+02
3.063063063063062863e+00,1.058514417538212484e+02
3.073073073073072869e+00,1.058411259561786579e+02
3.083083083083082876e+00,1.058291242649517301e+02
3.093093093093092882e+00,1.058153942125782834e+02
3.103103103103102889e+00,1.057998876008052918e+02
3.113113113113112895e+00,1.057825504760606776e+02
3.123123123123122902e+00,1.057633231025304923e+02
3.133133133133132908e+00,1.057421399331521314e+02
3.143143143143142915e+00,1.057189295787622285e+02
3.153153153153152921e+00,1.056936147756659494e+02
3.163163163163162928e+00,1.056661123519258751e+02
3.173173173173172934e+00,1.056363331927007039e+02
3.183183183183182940e+00,1.056041822049982812e+02
3.193193193193192947e+00,1.055695582822438467e+02
3.203203203203202953e+00,1.055323542691032372e+02
3.213213213213213404e+00,1.054924569270409904e+02
3.223223223223223410e+00,1.054497469011366064e+02
3.233233233233233417e+00,1.054040986887274585e+02
3.243243243243243423e+00,1.053553806104950183e+02
3.253253253253253430e+00,1.053034547846598201e+02
3.263263263263263436e+00,1.052481771050051833e+02
3.273273273273273443e+00,1.051893972235023398e+02
3.283283283283283449e+00,1.051269585383680152e+02
3.293293293293293456e+00,1.050606981884439648e+02
3.303303303303303462e+00,1.049904470548489854e+02
3.313313313313313468e+00,1.049160297709166940e+02
3.323323323323323475e+00,1.048372647414957726e+02
3.333333333333333481e+00,1.047539641727551043e+02
3.343343343343343488e+00,1.046659341137005157e+02
3.353353353353353494e+00,1.045729745106763886e+02
3.363363363363363501e+00,1.044748792761890002e+02
3.373373373373373507e+00,1.043714363734524539e+02
3.383383383383383514e+00,1.042624279181189593e+02
3.393393393393393520e+00,1.041476302987130964e+02
3.403403403403403527e+00,1.040268143173429962e+02
3.413413413413413533e+00,1.038997453523104326e+02
3.423423423423423539e+00,1.037661835442815033e+02
3.433433433433433546e+00,1.036258840077148022e+02
3.443443443443443552e+00,1.034785970692645236e+02
3.453453453453453559e+00,1.033240685348889372e+02
3.463463463463463565e+00,1.031620399873917364e+02
3.473473473473473572e+00,1.029922491161055120e+02
3.483483483483483578e+00,1.028144300803899966e+02
3.493493493493493585e+00,1.026283139085629585e+02
3.503503503503503591e+00,1.024336289338006907e+02
3.513513513513513598e+00,1.022301012684420698e+02
3.523523523523523604e+00,1.020174553179989090e+02
3.533533533533533610e+00,1.017954143360118167e+02
3.543543543543543617e+00,1.015637010206979340e+02
3.553553553553553623e+00,1.013220381541070481e+02
3.563563563563563630e+00,1.010701492842355123e+02
3.573573573573573636e+00,1.008077594502429122e+02
3.583583583583583643e+00,1.005345959505697664e+02
3.593593593593593649e+00,1.002503891533662568e+02
3.603603603603603656e+00,9.995497376709005266e+01
3.613613613613613662e+00,9.965148108097558577e+01
3.623623623623623669e+00,9.934155350312704513e+01
3.633633633633633675e+00,9.902526580343852913e+01
3.643643643643643681e+00,9.870269684439054458e+01
3.653653653653653688e+00,9.837392950565011063e+01
3.663663663663663694e+00,9.803905059938868760e+01
3.673673673673673701e+00,9.769815077645731094e+01
3.683683683683683707e+00,9.735132442359581262e+01
3.693693693693693714e+00,9.699866955189564521e+01
3.703703703703703720e+00,9.664028767677314136e+01
3.713713713713713727e+00,9.627628368975027229e+01
3.723723723723723733e+00,9.590676572237778430e+01
3.733733733733733740e+00,9.553184500267146007e+01
3.743743743743743746e+00,9.515163570446915742e+01
3.753753753753753752e+00,9.476625479014806785e+01
3.763763763763763759e+00,9.437582184717409461e+01
3.773773773773773765e+00,9.398045891898361504e+01
3.783783783783783772e+00,9.358029033072504888e+01
3.793793793793793778e+00,9.317544251041040582e+01
3.803803803803803785e+00,9.276604380604845801e+01
3.813813813813813791e+00,9.235222429934795230e+01
3.823823823823823798e+00,9.193411561659377185e+01
3.833833833833833804e+00,9.151185073730943031e+01
3.843843843843843811e+00,9.108556380132623076e+01
3.853853853853853817e+00,9.065538991488337217e+01
3.863863863863863823e+00,9.022146495638229169e+01
3.873873873873873830e+00,8.978392538241578791e+01
3.883883883883883836e+00,8.934290803468422837e+01
3.893893893893893843e+00,8.889854994840104041e+01
3.903903903903903849e+00,8.845098816277489107e+01
3.913913913913913856e+00,8.800035953413917866e+01
3.923923923923923862e+00,8.754680055227842672e+01
3.933933933933933869e+00,8.709044716047830548e+01
3.943943943943943875e+00,8.663143457979967366e+01
3.953953953953953881e+00,8.616989713804883877e+01
3.963963963963963888e+00,8.570596810388607878e+01
3.973973973973973894e+00,8.523977952648156986e+01
3.983983983983983901e+00,8.477146208109414260e+01
3.993993993993993907e+00,8.430114492091354350e+01
4.004004004004004358e+00,8.382895553546988765e+01
4.014014014014014364e+00,8.335501961587789310e+01
4.024024024024024371e+00,8.287946092714592794e+01
4.034034034034034377e+00,8.240240118774204348e+01
4.044044044044044384e+00,8.192395995657304297e+01
4.054054054054054390e+00,8.144425452749470651e+01
4.064064064064064397e+00,8.096339983143573704e+01
4.074074074074074403e+00,8.048150834618321880e+01
4.084084084084084409e+00,7.999869001384182354e+01
4.094094094094094416e+00,7.951505216594836156e+01
4.104104104104104422e+00,7.903069945618968006e+01
4.114114114114114429e+00,7.854573380064445587e+01
4.124124124124124435e+00,7.806025432543970055e+01
4.134134134134134442e+00,7.757435732168819698e+01
4.144144144144144448e+00,7.708813620754793305e+01
4.154154154154154455e+00,7.660168149722366593e+01
4.164164164164164461e+00,7.611508077670995931e+01
4.174174174174174468e+00,7.562841868605720208e+01
4.184184184184184474e+00,7.514177690792725173e+01
4.194194194194194480e+00,7.465523416219036790e+01
4.204204204204204487e+00,7.416886620630435800e+01
4.214214214214214493e+00,7.368274584120682391e+01
4.224224224224224500e+00,7.319694292244365386e+01
4.234234234234234506e+00,7.271152437625111986e+01
4.244244244244244513e+00,7.222655422030497618e+01
4.254254254254254519e+00,7.174209358884704102e+01
4.264264264264264526e+00,7.125820076189965846e+01
4.274274274274274532e+00,7.077493119827840928e+01
4.284284284284284539e+00,7.029233757211598288e+01
4.294294294294294545e+00,6.981046981261332007e+01
4.304304304304304551e+00,6.932937514673845669e+01
4.314314314314314558e+00,6.884909814459902577e+01
4.324324324324324564e+00,6.836968076722146748e+01
4.334334334334334571e+00,6.789116241647617755e+01
4.344344344344344577e+00,6.741357998689682063e+01
4.354354354354354584e+00,6.693696791915037636e+01
4.364364364364364590e+00,6.646135825492316940e+01
4.374374374374374597e+00,6.598678069299862159e+01
4.384384384384384603e+00,6.551326264631155993e+01
4.394394394394394610e+00,6.504082929977431604e+01
4.404404404404404616e+00,6.456950366868073843e+01
4.414414414414414622e+00,6.409930665750350443e+01
4.424424424424424629e+00,6.363025711891202008e+01
4.434434434434434635e+00,6.316237191284702845e+01
4.444444444444444642e+00,6.269566596550030368e+01
4.454454454454454648e+00,6.223015232805579444e+01
4.464464464464464655e+00,6.176584223506079496e+01
4.474474474474474661e+00,6.130274516230365833e+01
4.484484484484484668e+00,6.084086888408563709e+01
4.494494494494494674e+00,6.038021952978235873e+01
4.504504504504504681e+00,5.992080163960067551e+01
4.514514514514514687e+00,5.946261821944392523e+01
4.524524524524524693e+00,5.900567079480827459e+01
4.534534534534534700e+00,5.854995946363926151e+01
4.544544544544544706e+00,5.809548294808670477e+01
4.554554554554554713e+00,5.764223864510194062e+01
4.564564564564564719e+00,5.719022267582906238e+01
4.574574574574574726e+00,5.673942993374768662e+01
4.584584584584584732e+00,5.628985413153110784e+01
4.594594594594594739e+00,5.584148784658909648e+01
4.604604604604604745e+00,5.539432256527012299e+01
4.614614614614614752e+00,5.494834872570216788e+01
4.624624624624624758e+00,5.450355575925654961e+01
4.634634634634634764e+00,5.405993213062271963e+01
4.644644644644644771e+00,5.361746537648634359e+01
4.654654654654654777e+00,5.317614214280585117e+01
4.664664664664664784e+00,5.273594822068675825e+01
4.674674674674674790e+00,5.229686858085511858e+01
4.684684684684684797e+00,5.185888740673430419e+01
4.694694694694694803e+00,5.142198812613224135e+01
4.704704704704704810e+00,5.098615344154720219e+01
4.714714714714714816e+00,5.055136535910308027e+01
4.724724724724724823e+00,5.011760521612591646e+01
4.734734734734734829e+00,4.968485370737522544e+01
4.744744744744744835e+00,4.925309090994468164e+01
4.754754754754754842e+00,4.882229630684727795e+01
4.764764764764764848e+00,4.839244880930139914e+01
4.774774774774774855e+00,4.796352677773432305e+01
4.784784784784784861e+00,4.753550804152009590e+01
4.794794794794794868e+00,4.710836991746890590e+01
4.804804804804804874e+00,4.668208922708534203e+01
4.814814814814814881e+00,4.625664231261233539e+01
4.824824824824824887e+00,4.583200505187791407e+01
4.834834834834834894e+00,4.540815287196069505e+01
4.844844844844844900e+00,4.498506076169037016e+01
4.854854854854854906e+00,4.456270328299815731e+01
4.864864864864864913e+00,4.414105458113186842e+01
4.874874874874874919e+00,4.372008839374858979e+01
4.884884884884884926e+00,4.329977805889839004e+01
4.894894894894894932e+00,4.288009652190955734e+01
4.904904904904904939e+00,4.246101634118623736e+01
4.914914914914914945e+00,4.204250969292718310e+01
4.924924924924924952e+00,4.162454837477296365e+01
4.934934934934934958e+00,4.120710380838790599e+01
4.944944944944944965e+00,4.079014704098096900e+01
4.954954954954954971e+00,4.037364874576818607e+01
4.964964964964964977e+00,3.995757922137765661e+01
4.974974974974974984e+00,3.954190839019580750e+01
4.984984984984984990e+00,3.912660579565180541e+01
4.994994994994994997e+00,3.871164059843500382e+01
5.005005005005005003e+00,3.829698157163732475e+01
5.015015015015015010e+00,3.788259709481108217e+01
5.025025025025025016e+00,3.746845514692925860e+01
5.035035035035035023e+00,3.705452329823289404e+01
5.045045045045045029e+00,3.664076870094775273e+01
5.055055055055055035e+00,3.622715807884829786e+01
5.065065065065065042e+00,3.581365771564530576e+01
5.075075075075075048e+00,3.540023344216835000e+01
5.085085085085085055e+00,3.498685062231217557e+01
5.095095095095095061e+00,3.457347413771082500e+01
5.105105105105105068e+00,3.416006837110045780e+01
5.115115115115115074e+00,3.374659718832587885e+01
5.125125125125125081e+00,3.333302391894279992e+01
5.135135135135135087e+00,3.291931133536065346e+01
5.145145145145145094e+00,3.250542163046743838e+01
5.155155155155155100e+00,3.209131639367019062e+01
5.165165165165165106e+00,3.167695658528008806e+01
5.175175175175175113e+00,3.126230250916238163e+01
5.185185185185185119e+00,3.084731378356628539e+01
5.195195195195195126e+00,3.043194931003917247e+01
5.205205205205205132e+00,3.001616724032338368e+01
5.215215215215215139e+00,2.959992494112230332e+01
5.225225225225225145e+00,2.918317895661337147e+01
5.235235235235235152e+00,2.876588496857402433e+01
5.245245245245245158e+00,2.834799775397427979e+01
5.255255255255255165e+00,2.792947113987630559e+01
5.265265265265265171e+00,2.751025795546652475e+01
5.275275275275275177e+00,2.709030998103062871e+01
5.285285285285285184e+00,2.666957789366238529e+01
5.295295295295295190e+00,2.624801120948005817e+01
5.305305305305305197e+00,2.582555822210072449e+01
5.315315315315315203e+00,2.540216593710110615e+01
5.325325325325325210e+00,2.497778000216581873e+01
5.335335335335335216e+00,2.455234463259712996e+01
5.345345345345345223e+00,2.412580253182590084e+01
5.355355355355355229e+00,2.369809480653088940e+01
5.365365365365365236e+00,2.326916087593178872e+01
5.375375375375375242e+00,2.283893837477931044e+01
5.385385385385385248e+00,2.240736304951563440e+01
5.395395395395395255e+00,2.197436864702453718e+01
5.405405405405405261e+00,2.154221586424811008e+01
5.415415415415415268e+00,2.111568048793866836e+01
5.425425425425425274e+00,2.069491745618907075e+01
5.435435435435435281e+00,2.027994004571062092e+01
5.445445445445445287e+00,1.987076488298077948e+01
5.455455455455455294e+00,1.946741189594872168e+01
5.465465465465465300e+00,1.906990426493629087e+01
5.475475475475475307e+00,1.867826837239491766e+01
5.485485485485485313e+00,1.829253375116377356e+01
5.495495495495495319e+00,1.791273303086247282e+01
5.505505505505505326e+00,1.753890188203874345e+01
5.515515515515515332e+00,1.717107895768008063e+01
5.525525525525525339e+00,1.680930583168968440e+01
5.535535535535535345e+00,1.645362693391786379e+01
5.545545545545545352e+00,1.610408948133407492e+01
5.555555555555555358e+00,1.576074340492140813e+01
5.565565565565565365e+00,1.542364127187200395e+01
5.575575575575575371e+00,1.509283820266477960e+01
5.585585585585585378e+00,1.476839178260971508e+01
5.595595595595595384e+00,1.445036196745149937e+01
5.605605605605605390e+00,1.413881098263681935e+01
5.615615615615615397e+00,1.383380321586567874e+01
5.625625625625625403e+00,1.353540510256735097e+01
5.635635635635635410e+00,1.324368500396808912e+01
5.645645645645645416e+00,1.295871307744914525e+01
5.655655655655655423e+00,1.268056113892883019e+01
5.665665665665665429e+00,1.240930251704890885e+01
5.675675675675675436e+00,1.214501189899114664e+01
5.685685685685685442e+00,1.188776516780892756e+01
5.695695695695695449e+00,1.163763923121957333e+01
5.705705705705705455e+00,1.139471184187320674e+01
5.715715715715715461e+00,1.115906140918838041e+01
5.725725725725725468e+00,1.093076680292756997e+01
5.735735735735735474e+00,1.070990714877253502e+01
5.745745745745745481e+00,1.049656161625286721e+01
5.755755755755755487e+00,1.029080919947739048e+01
5.765765765765765494e+00,1.009272849122131177e+01
5.775775775775775500e+00,9.902397451023153607e+00
5.785785785785785507e+00,9.719893168053326704e+00
5.795795795795795513e+00,9.545291619619783674e+00
5.805805805805805520e+00,9.378667426281205977e+00
5.815815815815815526e+00,9.220093604638753604e+00
5.825825825825825532e+00,9.069641318974168698e+00
5.835835835835835539e+00,8.927379632990289693e+00
5.845845845845845545e+00,8.793375262992686459e+00
5.855855855855855552e+00,8.667692333920511416e+00
5.865865865865865558e+00,8.550392139693727245e+00
5.875875875875875565e+00,8.441532909388037353e+00
5.885885885885885571e+00,8.341169580777529902e+00
5.895895895895895578e+00,8.249353582797029460e+00
5.905905905905905584e+00,8.166132628469677357e+00
5.915915915915915591e+00,8.091550519819453058e+00
5.925925925925925597e+00,8.025646966243483504e+00
5.935935935935935603e+00,7.968457417753541883e+00
5.945945945945945610e+00,7.920012914411665328e+00
5.955955955955955616e+00,7.880339953181473511e+00
5.965965965965965623e+00,7.849460373293529081e+00
5.975975975975975629e+00,7.827391261086999563e+00
5.985985985985985636e+00,7.814144875133894885e+00
5.995995995995995642e+00,7.809728592289597593e+00
6.006006006006005649e+00,7.809728592289597593e+00
6.016016016016015655e+00,7.813044907130200833e+00
6.026026026026025662e+00,7.822994417936587119e+00
6.036036036036035668e+00,7.839578822907215638e+00
6.046046046046045674e+00,7.862800950189547500e+00
6.056056056056055681e+00,7.892664754609343802e+00
6.066066066066065687e+00,7.929175313100632394e+00
6.076076076076075694e+00,7.972338818844647790e+00
6.086086086086085700e+00,8.022162574128495649e+00
6.096096096096095707e+00,8.078654981937509305e+00
6.106106106106105713e+00,8.141825536295737464e+00
6.116116116116115720e+00,8.211684811372778725e+00
6.126126126126125726e+00,8.288244449375802958e+00
6.136136136136135732e+00,8.371517147248155766e+00
6.146146146146145739e+00,8.461516642197205229e+00
6.156156156156155745e+00,8.558257696075243004e+00
6.166166166166165752e+00,8.661756078639896828e+00
6.176176176176175758e+00,8.772028549719093959e+00
6.186186186186185765e+00,8.889092840309055887e+00
6.196196196196195771e+00,9.012967632632870263e+00
6.206206206206205778e+00,9.143672539188012038e+00
6.216216216216215784e+00,9.281228080811549930e+00
6.226226226226225791e+00,9.425655663791529193e+00
6.236236236236235797e+00,9.576977556052893803e+00
6.246246246246245803e+00,9.735216862445797759e+00
6.256256256256255810e+00,9.900397499163036130e+00
6.266266266266265816e+00,1.007254416731350766e+01
6.276276276276275823e+00,1.025168232567553872e+01
6.286286286286285829e+00,1.043783816265422182e+01
6.296296296296295836e+00,1.063103856746440989e+01
6.306306306306305842e+00,1.083131110055878921e+01
6.316316316316315849e+00,1.103868396331888491e+01
6.326326326326325855e+00,1.125318596702454244e+01
6.336336336336335862e+00,1.147484650111357141e+01
6.346346346346345868e+00,1.170369550074219056e+01
6.356356356356355874e+00,1.193976341365208604e+01
6.366366366366365881e+00,1.218308116634769434e+01
6.376376376376375887e+00,1.243368012958303659e+01
6.386386386386385894e+00,1.269159208315375054e+01
6.396396396396395900e+00,1.295684917998635655e+01
6.406406406406405907e+00,1.322948390951131259e+01
6.416416416416416801e+00,1.350952906030273581e+01
6.426426426426426808e+00,1.379701768196260048e+01
6.436436436436436814e+00,1.409198304622121256e+01
6.446446446446446821e+00,1.439445860722121218e+01
6.456456456456456827e+00,1.470447796094573434e+01
6.466466466466466834e+00,1.502207480374547544e+01
6.476476476476476840e+00,1.534728288991218292e+01
6.486486486486486847e+00,1.568013598823979216e+01
6.496496496496496853e+00,1.602066783750625589e+01
6.506506506506506859e+00,1.636891210080090886e+01
6.516516516516516866e+00,1.672490231861390697e+01
6.526526526526526872e+00,1.708867186059514154e+01
6.536536536536536879e+00,1.746025387587917876e+01
6.546546546546546885e+00,1.783968124186307236e+01
6.556556556556556892e+00,1.822698651131188541e+01
6.566566566566566898e+00,1.862220185765384173e+01
6.576576576576576905e+00,1.902535901831450360e+01
6.586586586586586911e+00,1.943648923592414590e+01
6.596596596596596918e+00,1.985562319721634594e+01
6.606606606606606924e+00,2.028279096941987447e+01
6.616616616616616930e+00,2.071802193392558422e+01
6.626626626626626937e+00,2.116134471699143305e+01
6.636636636636636943e+00,2.161278711722496482e+01
6.646646646646646950e+00,2.207237602955978772e+01
6.656656656656656956e+00,2.254013736541545398e+01
6.666666666666666963e+00,2.301609596870126495e+01
6.676676676676676969e+00,2.350027552729372360e+01
6.686686686686686976e+00,2.399269847958202106e+01
6.696696696696696982e+00,2.449338591563889977e+01
6.706706706706706989e+00,2.500235747253263341e+01
6.716716716716716995e+00,2.551963122325051359e+01
6.726726726726727001e+00,2.604522355865498895e+01
6.736736736736737008e+00,2.657914906183897230e+01
6.746746746746747014e+00,2.712142037418726659e+01
6.756756756756757021e+00,2.767204805238586474e+01
6.766766766766767027e+00,2.823104041554915256e+01
6.776776776776777034e+00,2.879840338155642243e+01
6.786786786786787040e+00,2.937414029160287399e+01
6.796796796796797047e+00,2.995825172187628382e+01
6.806806806806807053e+00,3.055058611418419900e+01
6.816816816816817060e+00,3.114620737765064007e+01
6.826826826826827066e+00,3.174269117314308275e+01
6.836836836836837072e+00,3.233999534186712310e+01
6.846846846846847079e+00,3.293807687757851710e+01
6.856856856856857085e+00,3.353689186896119168e+01
6.866866866866867092e+00,3.413639543979864754e+01
6.876876876876877098e+00,3.473654168682318044e+01
6.886886886886887105e+00,3.533728361512521587e+01
6.896896896896897111e+00,3.593857307100412868e+01
6.906906906906907118e+00,3.654036067213915118e+01
6.916916916916917124e+00,3.714259573495836975e+01
6.926926926926927131e+00,3.774522619908276511e+01
6.936936936936937137e+00,3.834819854872041844e+01
6.946946946946947143e+00,3.895145773088667340e+01
6.956956956956957150e+00,3.955494707032553237e+01
6.966966966966967156e+00,4.015860818100767204e+01
6.976976976976977163e+00,4.076238087408280109e+01
6.986986986986987169e+00,4.136620306216432397e+01
6.996996996996997176e+00,4.197001065982846768e+01
7.007007007007007182e+00,4.257373748021290538e+01
7.017017017017017189e+00,4.317731512760465762e+01
7.027027027027027195e+00,4.378067288591304873e+01
7.037037037037037202e+00,4.438373760293121251e+01
7.047047047047047208e+00,4.498643357029767742e+01
7.057057057057057214e+00,4.558868239908086650e+01
7.067067067067067221e+00,4.619040289092145457e+01
7.077077077077077227e+00,4.679151090468201346e+01
7.087087087087087234e+00,4.739191921857048584e+01
7.097097097097097240e+00,4.799153738772372435e+01
7.107107107107107247e+00,4.859027159725886946e+01
7.117117117117117253e+00,4.918802451082664362e+01
7.127127127127127260e+00,4.978469511472907527e+01
7.137137137137137266e+00,5.038017855769593467e+01
7.147147147147147273e+00,5.097436598645199979e+01
7.157157157157157279e+00,5.156714437724656364e+01
7.167167167167167285e+00,5.215839636356230358e+01
7.177177177177177292e+00,5.274800006027115984e+01
7.187187187187187298e+00,5.333582888455969595e+01
7.197197197197197305e+00,5.392175137400758445e+01
7.207207207207207311e+00,5.450563100226937507e+01
7.217217217217217318e+00,5.508732599288276788e+01
7.227227227227227324e+00,5.566668913180530609e+01
7.237237237237237331e+00,5.624356757936762108e+01
7.247247247247247337e+00,5.681780268242324183e+01
7.257257257257257343e+00,5.738922978757407378e+01
7.267267267267267350e+00,5.795767805645729709e+01
7.277277277277277356e+00,5.852297028419099689e+01
7.287287287287287363e+00,5.908492272219585573e+01
7.297297297297297369e+00,5.964334490673511624e+01
7.307307307307307376e+00,6.019803949464650827e+01
7.317317317317317382e+00,6.074880210787528512e+01
7.327327327327327389e+00,6.129542118855875543e+01
7.337337337337337395e+00,6.183767786655548804e+01
7.347347347347347402e+00,6.237534584145847560e+01
7.357357357357357408e+00,6.290819128127638749e+01
7.367367367367367414e+00,6.343597274011217024e+01
7.377377377377377421e+00,6.395844109730783345e+01
7.387387387387387427e+00,6.447533952065897722e+01
7.397397397397397434e+00,6.498640345642741067e+01
7.407407407407407440e+00,6.549136064899346366e+01
7.417417417417417447e+00,6.598993119308639166e+01
7.427427427427427453e+00,6.648182762160945458e+01
7.437437437437437460e+00,6.696675503212948399e+01
7.447447447447447466e+00,6.744441125512724966e+01
7.457457457457457473e+00,6.791448706709769567e+01
7.467467467467467479e+00,6.837666645154392597e+01
7.477477477477477485e+00,6.883062691082332663e+01
7.487487487487487492e+00,6.927603983166805790e+01
7.497497497497497498e+00,6.971257090701735137e+01
7.507507507507507505e+00,7.013988061655489048e+01
7.517517517517517511e+00,7.055762476804279970e+01
7.527527527527527518e+00,7.096545510117502431e+01
7.537537537537537524e+00,7.136301995524105735e+01
7.547547547547547531e+00,7.174996500138912836e+01
7.557557557557557537e+00,7.212593403970852535e+01
7.567567567567567544e+00,7.249056986071512654e+01
7.577577577577577550e+00,7.284351517012323995e+01
7.587587587587587556e+00,7.318441357502697997e+01
7.597597597597597563e+00,7.351291062880119398e+01
7.607607607607607569e+00,7.382865493117454037e+01
7.617617617617617576e+00,7.413129927903491989e+01
7.627627627627627582e+00,7.442050186261570843e+01
7.637637637637637589e+00,7.469592750079165455e+01
7.647647647647647595e+00,7.495724890830474862e+01
7.657657657657657602e+00,7.520414798686093150e+01
7.667667667667667608e+00,7.543631713120569771e+01
7.677677677677677615e+00,7.565346054052434965e+01
7.687687687687687621e+00,7.585529552483858140e+01
7.697697697697697627e+00,7.604155379550579141e+01
7.707707707707707634e+00,7.621198272849407829e+01
7.717717717717717640e+00,7.636634658881703785e+01
7.727727727727727647e+00,7.650442770438847617e+01
7.737737737737737653e+00,7.662602757760866723e+01
7.747747747747747660e+00,7.673096792322992599e+01
7.757757757757757666e+00,7.681909162147704251e+01
7.767767767767767673e+00,7.689026357601586881e+01
7.777777777777777679e+00,7.694437146716967391e+01
7.787787787787787686e+00,7.698132639176608905e+01
7.797797797797797692e+00,7.700106338214568780e+01
7.807807807807807698e+00,7.700354179815718680e+01
7.817817817817817705e+00,7.698874558738094720e+01
7.827827827827827711e+00,7.695668341033604065e+01
7.837837837837837718e+00,7.690738862900545314e+01
7.847847847847847724e+00,7.684091915863156430e+01
7.857857857857857731e+00,7.675735718435156230e+01
7.867867867867867737e+00,7.665680874583215143e+01
7.877877877877877744e+00,7.653940319459026398e+01
7.887887887887887750e+00,7.640529253012296351e+01
7.897897897897897757e+00,7.625465062228552426e+01
7.907907907907907763e+00,7.608767232853254825e+01
7.917917917917917769e+00,7.590457251564781416e+01
7.927927927927927776e+00,7.570558499642399397e+01
7.937937937937937782e+00,7.549096139240089087e+01
7.947947947947947789e+00,7.526096993422552828e+01
7.957957957957957795e+00,7.501589421145946801e+01
7.967967967967967802e+00,7.475603188373214891e+01
7.977977977977977808e+00,7.448169336503296734e+01
7.987987987987987815e+00,7.419320049266070782e+01
7.997997997997997821e+00,7.389088519192202398e+01
8.008008008008008716e+00,7.357508814711107448e+01
8.018018018018018722e+00,7.324615748862586884e+01
8.028028028028028729e+00,7.290444750530748763e+01
8.038038038038038735e+00,7.255031739024589399e+01
8.048048048048048742e+00,7.218413002740000195e+01
8.058058058058058748e+00,7.180625082545286375e+01
8.068068068068068754e+00,7.141704660438264796e+01
8.078078078078078761e+00,7.101688453929220657e+01
8.088088088088088767e+00,7.060613116512426757e+01
8.098098098098098774e+00,7.018515144500470626e+01
8.108108108108108780e+00,6.975430790411729731e+01
8.118118118118118787e+00,6.931395983022689222e+01
8.128128128128128793e+00,6.886446254124290078e+01
8.138138138138138800e+00,6.840616671955569927e+01
8.148148148148148806e+00,6.793941781228697607e+01
8.158158158158158813e+00,6.746455549607600233e+01
8.168168168168168819e+00,6.698191320457183906e+01
8.178178178178178825e+00,6.649181771642138017e+01
8.188188188188188832e+00,6.599458880122823246e+01
8.198198198198198838e+00,6.549053892070415372e+01
8.208208208208208845e+00,6.497997298204349192e+01
8.218218218218218851e+00,6.446318814041083556e+01
8.228228228228228858e+00,6.394047364734515781e+01
8.238238238238238864e+00,6.341211074183743079e+01
8.248248248248248871e+00,6.287837258083459346e+01
8.258258258258258877e+00,6.233952420595287691e+01
8.268268268268268884e+00,6.179582254324125046e+01
8.278278278278278890e+00,6.124751643292111680e+01
8.288288288288288896e+00,6.069484668613151257e+01
8.298298298298298903e+00,6.013804616583129103e+01
8.308308308308308909e+00,5.957733988914292667e+01
8.318318318318318916e+00,5.901294514856585494e+01
8.328328328328328922e+00,5.844507164963708590e+01
8.338338338338338929e+00,5.787392166276956829e+01
8.348348348348348935e+00,5.729969018715543427e+01
8.358358358358358942e+00,5.672256512477327561e+01
8.368368368368368948e+00,5.614272746269300995e+01
8.378378378378378954e+00,5.556035146201928399e+01
8.388388388388388961e+00,5.497560485195951685e+01
8.398398398398398967e+00,5.438864902764047571e+01
8.408408408408408974e+00,5.379963925042999051e+01
8.418418418418418980e+00,5.320872484964618820e+01
8.428428428428428987e+00,5.261604942465493195e+01
8.438438438438438993e+00,5.202175104646794779e+01
8.448448448448449000e+00,5.142596245805748367e+01
8.458458458458459006e+00,5.082881127270082544e+01
8.468468468468469013e+00,5.023042016975750101e+01
8.478478478478479019e+00,4.963090708736351075e+01
8.488488488488489025e+00,4.903038541160465513e+01
8.498498498498499032e+00,4.842896416179802088e+01
8.508508508508509038e+00,4.782674817157546698e+01
8.518518518518519045e+00,4.722383826552000841e+01
8.528528528528529051e+00,4.662033143115592537e+01
8.538538538538539058e+00,4.601632098614197020e+01
8.548548548548549064e+00,4.541189674055743808e+01
8.558558558558559071e+00,4.480714515420800836e+01
8.568568568568569077e+00,4.420214948891131002e+01
8.578578578578579084e+00,4.359698995575048741e+01
8.588588588588589090e+00,4.299174385731134862e+01
8.598598598598599096e+00,4.238648572493777777e+01
8.608608608608609103e+00,4.178128745106258179e+01
8.618618618618619109e+00,4.117621841668477600e+01
8.628628628628629116e+00,4.057134561408061302e+01
8.638638638638639122e+00,3.996673376484591245e+01
8.648648648648649129e+00,3.936244543337782176e+01
8.658658658658659135e+00,3.875854113591281447e+01
8.668668668668669142e+00,3.815507944524298267e+01
8.678678678678679148e+00,3.755211709123974373e+01
8.688688688688689155e+00,3.694970905731584310e+01
8.698698698698699161e+00,3.634790867296104722e+01
8.708708708708709167e+00,3.574676770248854041e+01
8.718718718718719174e+00,3.514633643012914632e+01
8.728728728728729180e+00,3.454666374161205056e+01
8.738738738738739187e+00,3.394779720236946474e+01
8.748748748748749193e+00,3.334978313250273629e+01
8.758758758758759200e+00,3.275266667864538306e+01
8.768768768768769206e+00,3.215649188285738092e+01
8.778778778778779213e+00,3.156130174868305716e+01
8.788788788788789219e+00,3.096713830450255500e+01
8.798798798798799226e+00,3.037404266430526434e+01
8.808808808808809232e+00,2.978205508600972351e+01
8.818818818818819238e+00,2.919121502745382202e+01
8.828828828828829245e+00,2.860156120017478543e+01
8.838838838838839251e+00,2.801313162109721944e+01
8.848848848848849258e+00,2.742596366224382720e+01
8.858858858858859264e+00,2.684009409858134276e+01
8.868868868868869271e+00,2.625555915411226948e+01
8.878878878878879277e+00,2.567239454631957329e+01
8.888888888888889284e+00,2.509063552906974337e+01
8.898898898898899290e+00,2.451031693407788836e+01
8.908908908908909297e+00,2.393147321103576886e+01
8.918918918918919303e+00,2.335413846650257241e+01
8.928928928928929309e+00,2.277834650165603847e+01
8.938938938938939316e+00,2.220413084900028267e+01
8.948948948948949322e+00,2.163152480812565059e+01
8.958958958958959329e+00,2.106056148061480471e+01
8.968968968968969335e+00,2.049127380418802957e+01
8.978978978978979342e+00,1.992369458618048483e+01
8.988988988988989348e+00,1.935785653644467885e+01
8.998998998998999355e+00,1.879379229976946775e+01
9.009009009009009361e+00,1.823153448790923292e+01
9.019019019019019368e+00,1.767111571131566805e+01
9.029029029029029374e+00,1.711256861066695478e+01
9.039039039039039380e+00,1.655592588828917755e+01
9.049049049049049387e+00,1.600122033956682444e+01
9.059059059059059393e+00,1.544848488444074874e+01
9.069069069069069400e+00,1.489775259909501059e+01
9.079079079079079406e+00,1.434905674793558994e+01
9.089089089089089413e+00,1.380243081596751331e+01
9.099099099099099419e+00,1.325790854168052135e+01
9.109109109109109426e+00,1.271552395055742402e+01
9.119119119119119432e+00,1.217531138932289991e+01
9.129129129129129439e+00,1.163730556105673486e+01
9.139139139139139445e+00,1.110154156129962288e+01
9.149149149149149451e+00,1.056805491528696450e+01
9.159159159159159458e+00,1.003688161645195009e+01
9.169169169169169464e+00,9.508058166346645024e+00
9.179179179179179471e+00,8.981621616138394160e+00
9.189189189189189477e+00,8.457609609846759469e+00
9.199199199199199484e+00,7.936060429496810009e+00
9.209209209209209490e+00,7.419089386897974592e+00
9.219219219219219497e+00,6.910967070769332921e+00
9.229229229229229503e+00,6.411767701851383450e+00
9.239239239239239510e+00,5.921434144387351495e+00
9.249249249249249516e+00,5.439908353086648773e+00
9.259259259259259522e+00,4.967131415403978068e+00
9.269269269269269529e+00,4.503043591617545971e+00
9.279279279279279535e+00,4.047584352883792924e+00
9.289289289289289542e+00,3.600692417437152848e+00
9.299299299299299548e+00,3.162305785096806154e+00
9.309309309309309555e+00,2.732361770237652365e+00
9.319319319319319561e+00,2.310797033375826981e+00
9.329329329329329568e+00,1.897547611518529020e+00
9.339339339339339574e+00,1.492548947424396477e+00
9.349349349349349581e+00,1.095735917919554270e+00
9.359359359359359587e+00,7.070428614146260227e-01
9.369369369369369593e+00,3.264036047667188134e-01
9.379379379379379600e+00,-4.624851036756895406e-02
9.389389389389389606e+00,-4.109806015420672809e-01
9.399399399399399613e+00,-7.678602197468751278e-01
9.409409409409409619e+00,-1.116955323701272818e+00
9.419419419419419626e+00,-1.458334254064801661e+00
9.429429429429429632e+00,-1.792065707415191111e+00
9.439439439439439639e+00,-2.118218709842784708e+00
9.449449449449449645e+00,-2.436862590010021368e+00
9.459459459459459651e+00,-2.748066951524851920e+00
9.469469469469469658e+00,-3.051901644477927888e+00
9.479479479479479664e+00,-3.348436735995168778e+00
9.489489489489489671e+00,-3.637742479660080352e+00
9.499499499499499677e+00,-3.919889283663021473e+00
9.509509509509509684e+00,-4.194947677538657160e+00
9.519519519519519690e+00,-4.462988277360297573e+00
9.529529529529529697e+00,-4.724081749263037366e+00
9.539539539539539703e+00,-4.978298771178720550e+00
9.549549549549549710e+00,-5.225709992672070037e+00
9.559559559559559716e+00,-5.466385992779031255e+00
9.569569569569569722e+00,-5.700397235758307701e+00
9.579579579579579729e+00,-5.927814024680956528e+00
9.589589589589589735e+00,-6.148706452795357436e+00
9.599599599599599742e+00,-6.363144352619593214e+00
9.609609609609609748e+00,-6.571197242730056232e+00
9.619619619619619755e+00,-6.772934272231038833e+00
9.629629629629629761e+00,-6.968424162906135422e+00
9.639639639639639768e+00,-7.157735149074150982e+00
9.649649649649649774e+00,-7.340934915186940302e+00
9.659659659659659781e+00,-7.518090531229001172e+00
9.669669669669669787e+00,-7.689268385995625898e+00
9.679679679679679793e+00,-7.854534118348974303e+00
9.689689689689689800e+00,-8.013952546568566149e+00
9.699699699699699806e+00,-8.167587595933321509e+00
9.709709709709709813e+00,-8.315502224691604383e+00
9.719719719719719819e+00,-8.457758348593189979e+00
9.729729729729729826e+00,-8.594416764176603607e+00
9.739739739739739832e+00,-8.725537071019385138e+00
9.749749749749749839e+00,-8.851177593178299219e+00
9.759759759759759845e+00,-8.971395300057237066e+00
9.769769769769769852e+00,-9.086245726956887481e+00
9.779779779779779858e+00,-9.195782895569706739e+00
9.789789789789789864e+00,-9.300059234695526200e+00
9.799799799799799871e+00,-9.399125501459645093e+00
9.809809809809809877e+00,-9.493030703323611874e+00
9.819819819819819884e+00,-9.581822021182391680e+00
9.829829829829829890e+00,-9.665544733844448899e+00
9.839839839839839897e+00,-9.744242144192959643e+00
9.849849849849849903e+00,-9.817955507323567588e+00
9.859859859859859910e+00,-9.886723960952984669e+00
9.869869869869869916e+00,-9.950584458386083853e+00
9.879879879879879923e+00,-1.000957170432286070e+01
9.889889889889889929e+00,-1.006371809377797177e+01
9.899899899899899935e+00,-1.011305365437479686e+01
9.909909909909909942e+00,-1.015760599226364214e+01
9.919919919919919948e+00,-1.019740024190044281e+01
9.929929929929929955e+00,-1.023245901990621043e+01
9.939939939939939961e+00,-1.026280238321156268e+01
9.949949949949949968e+00,-1.028844779167146939e+01
9.959959959959959974e+00,-1.030941007531899878e+01
9.969969969969969981e+00,-1.032570140640182643e+01
9.979979979979979987e+00,-1.033733127633008841e+01
9.989989989989989994e+00,-1.034430647763768718e+01
1.000000000000000000e+01,-1.034663109103856904e+01
