0.000000000000000000e+00,-2.855934086303574260e-01
1.001001001001000992e-02,-2.899981312543526979e-01
2.002002002002001985e-02,-3.032122991263384582e-01
3.003003003003002977e-02,-3.252359122463147068e-01
4.004004004004003969e-02,-3.560689706142814437e-01
5.005005005005004615e-02,-3.957114742302387245e-01
6.006006006006005954e-02,-4.441634230941864936e-01
7.007007007007007293e-02,-5.014248172061247510e-01
8.008008008008007939e-02,-5.674956565660534968e-01
9.009009009009008584e-02,-6.423759411739726755e-01
1.001001001001000923e-01,-7.260656710298825089e-01
1.101101101101101126e-01,-8.185648461337829973e-01
1.201201201201201191e-01,-9.198734664856736964e-01
1.301301301301301394e-01,-1.029991532085554828e+00
1.401401401401401459e-01,-1.148919042933426837e+00
1.501501501501501523e-01,-1.276655999029288946e+00
1.601601601601601588e-01,-1.413202400373141820e+00
1.701701701701701652e-01,-1.558558246964985017e+00
1.801801801801801717e-01,-1.712723538804818535e+00
1.901901901901901781e-01,-1.875698275892643707e+00
2.002002002002001846e-01,-2.047482458228457869e+00
2.102102102102102188e-01,-2.228076085812263241e+00
2.202202202202202252e-01,-2.417479158644059378e+00
2.302302302302302317e-01,-2.615691676723845838e+00
2.402402402402402382e-01,-2.822713640051622175e+00
2.502502502502502724e-01,-3.038545048627389278e+00
2.602602602602602788e-01,-3.263185902451147147e+00
2.702702702702702853e-01,-3.496636201522894893e+00
2.802802802802802917e-01,-3.738895945842635626e+00
2.902902902902902982e-01,-3.989965135410365349e+00
3.003003003003003046e-01,-4.249843770226084061e+00
3.103103103103103111e-01,-4.518531850289795315e+00
3.203203203203203175e-01,-4.796029375601495559e+00
3.303303303303303240e-01,-5.082336346161186569e+00
3.403403403403403304e-01,-5.377452761968868344e+00
3.503503503503503369e-01,-5.681378623024540886e+00
3.603603603603603434e-01,-5.994113929328202417e+00
3.703703703703703498e-01,-6.315658680879858267e+00
3.803803803803803563e-01,-6.646012877679502218e+00
3.903903903903903627e-01,-6.985176519727136046e+00
4.004004004004003692e-01,-7.333149607022759753e+00
4.104104104104104311e-01,-7.689932139566375113e+00
4.204204204204204376e-01,-8.055524117357981240e+00
4.304304304304304440e-01,-8.429925540397574579e+00
4.404404404404404505e-01,-8.813136408685164014e+00
4.504504504504504570e-01,-9.205156722220742438e+00
4.604604604604604634e-01,-9.605986481004309852e+00
4.704704704704704699e-01,-1.001562568503586625e+01
4.804804804804804763e-01,-1.043407433431541698e+01
4.904904904904904828e-01,-1.086133242884295669e+01
5.005005005005005447e-01,-1.129739996861848361e+01
5.105105105105105512e-01,-1.174227695364200663e+01
5.205205205205205576e-01,-1.219596338391351686e+01
5.305305305305305641e-01,-1.265845925943301609e+01
5.405405405405405705e-01,-1.312976458020050785e+01
5.505505505505505770e-01,-1.360987934621599038e+01
5.605605605605605835e-01,-1.409880355747946901e+01
5.705705705705705899e-01,-1.459653721399093307e+01
5.805805805805805964e-01,-1.510308031575038790e+01
5.905905905905906028e-01,-1.561843286275782994e+01
6.006006006006006093e-01,-1.614241866610830556e+01
6.106106106106106157e-01,-1.666922349193814057e+01
6.206206206206206222e-01,-1.719602831776797203e+01
6.306306306306306286e-01,-1.772283314359780348e+01
6.406406406406406351e-01,-1.824963796942763494e+01
6.506506506506506415e-01,-1.877644279525746640e+01
6.606606606606606480e-01,-1.930324762108729786e+01
6.706706706706706544e-01,-1.983005244691712932e+01
6.806806806806806609e-01,-2.035685727274696077e+01
6.906906906906906674e-01,-2.088366209857679223e+01
7.007007007007006738e-01,-2.141046692440662369e+01
7.107107107107106803e-01,-2.193727175023645515e+01
7.207207207207206867e-01,-2.246407657606628661e+01
7.307307307307306932e-01,-2.299088140189612517e+01
7.407407407407406996e-01,-2.351768622772595663e+01
7.507507507507507061e-01,-2.404449105355578808e+01
7.607607607607607125e-01,-2.457129587938561954e+01
7.707707707707707190e-01,-2.509810070521545100e+01
7.807807807807807254e-01,-2.562490553104528246e+01
7.907907907907907319e-01,-2.615171035687511747e+01
8.008008008008007383e-01,-2.667851518270494893e+01
8.108108108108108558e-01,-2.720532000853478038e+01
8.208208208208208623e-01,-2.773212483436461184e+01
8.308308308308308687e-01,-2.825892966019444330e+01
8.408408408408408752e-01,-2.878573448602427476e+01
8.508508508508508816e-01,-2.931253931185410266e+01
8.608608608608608881e-01,-2.983934413768393767e+01
8.708708708708708945e-01,-3.036614896351376558e+01
8.808808808808809010e-01,-3.089295378934360770e+01
8.908908908908909074e-01,-3.141975861517343560e+01
9.009009009009009139e-01,-3.194656344100327061e+01
9.109109109109109204e-01,-3.247336826683309852e+01
9.209209209209209268e-01,-3.300017309266293353e+01
9.309309309309309333e-01,-3.352697791849276143e+01
9.409409409409409397e-01,-3.405378274432259644e+01
9.509509509509509462e-01,-3.458058757015242435e+01
9.609609609609609526e-01,-3.510739239598225936e+01
9.709709709709709591e-01,-3.563419722181208726e+01
9.809809809809809655e-01,-3.616100204764192227e+01
9.909909909909909720e-01,-3.668780687347175018e+01
1.001001001001001089e+00,-3.721461169930158519e+01
1.011011011011011096e+00,-3.774141652513141310e+01
1.021021021021021102e+00,-3.826822135096124811e+01
1.031031031031031109e+00,-3.879502617679108312e+01
1.041041041041041115e+00,-3.932183100262091813e+01
1.051051051051051122e+00,-3.984863582845074603e+01
1.061061061061061128e+00,-4.037544065428058104e+01
1.071071071071071135e+00,-4.090224548011040895e+01
1.081081081081081141e+00,-4.142905030594024396e+01
1.091091091091091148e+00,-4.195585513177007186e+01
1.101101101101101154e+00,-4.248265995759990687e+01
1.111111111111111160e+00,-4.300946478342973478e+01
1.121121121121121167e+00,-4.353626960925958400e+01
1.131131131131131173e+00,-4.406307443508941191e+01
1.141141141141141180e+00,-4.458987926091924692e+01
1.151151151151151186e+00,-4.511668408674907482e+01
1.161161161161161193e+00,-4.564348891257890983e+01
1.171171171171171199e+00,-4.617029373840873774e+01
1.181181181181181206e+00,-4.669709856423857275e+01
1.191191191191191212e+00,-4.722390339006840065e+01
1.201201201201201219e+00,-4.775070821589823566e+01
1.211211211211211225e+00,-4.827751304172806357e+01
1.221221221221221231e+00,-4.880431786755789858e+01
1.231231231231231238e+00,-4.933112269338772649e+01
1.241241241241241244e+00,-4.985792751921756150e+01
1.251251251251251251e+00,-5.038473234504738940e+01
1.261261261261261257e+00,-5.091153717087722441e+01
1.271271271271271264e+00,-5.143834199670705232e+01
1.281281281281281270e+00,-5.196514682253688733e+01
1.291291291291291277e+00,-5.249195164836671523e+01
1.301301301301301283e+00,-5.301875647419655024e+01
1.311311311311311290e+00,-5.354556130002637815e+01
1.321321321321321296e+00,-5.407236612585621316e+01
1.331331331331331302e+00,-5.459917095168604106e+01
1.341341341341341309e+00,-5.512597577751587608e+01
1.351351351351351315e+00,-5.565278060334570398e+01
1.361361361361361322e+00,-5.617958542917553899e+01
1.371371371371371328e+00,-5.670639025500536690e+01
1.381381381381381335e+00,-5.723319508083520191e+01
1.391391391391391341e+00,-5.775999990666503692e+01
1.401401401401401348e+00,-5.828680473249487903e+01
1.411411411411411354e+00,-5.881360955832470694e+01
1.421421421421421361e+00,-5.934041438415454195e+01
1.431431431431431367e+00,-5.986721920998436985e+01
1.441441441441441373e+00,-6.039402403581420486e+01
1.451451451451451380e+00,-6.092082886164404698e+01
1.461461461461461386e+00,-6.144763368747387489e+01
1.471471471471471393e+00,-6.197443851330370990e+01
1.481481481481481399e+00,-6.250124333913353780e+01
1.491491491491491406e+00,-6.302804816496337281e+01
1.501501501501501412e+00,-6.355485299079320782e+01
1.511511511511511419e+00,-6.408165781662303573e+01
1.521521521521521425e+00,-6.460846264245287784e+01
1.531531531531531432e+00,-6.513526746828270575e+01
1.541541541541541438e+00,-6.566207229411253365e+01
1.551551551551551444e+00,-6.618887711994236156e+01
1.561561561561561451e+00,-6.671568194577220368e+01
1.571571571571571457e+00,-6.724248677160203158e+01
1.581581581581581464e+00,-6.776929159743185949e+01
1.591591591591591470e+00,-6.829609642326168739e+01
1.601601601601601477e+00,-6.882290124909152951e+01
1.611611611611611705e+00,-6.934970607492135741e+01
1.621621621621621712e+00,-6.987651090075118532e+01
1.631631631631631718e+00,-7.040331572658101322e+01
1.641641641641641725e+00,-7.093012055241085534e+01
1.651651651651651731e+00,-7.145692537824068324e+01
1.661661661661661737e+00,-7.198373020407051115e+01
1.671671671671671744e+00,-7.251053502990033905e+01
1.681681681681681750e+00,-7.303733985573018117e+01
1.691691691691691757e+00,-7.356414468156000908e+01
1.701701701701701763e+00,-7.409094950738983698e+01
1.711711711711711770e+00,-7.461775433321966489e+01
1.721721721721721776e+00,-7.514455915904950700e+01
1.731731731731731783e+00,-7.567136398487933491e+01
1.741741741741741789e+00,-7.619816881070916281e+01
1.751751751751751796e+00,-7.672497363653899072e+01
1.761761761761761802e+00,-7.725177846236884704e+01
1.771771771771771808e+00,-7.777858328819867495e+01
1.781781781781781815e+00,-7.830538811402850286e+01
1.791791791791791821e+00,-7.883219293985833076e+01
1.801801801801801828e+00,-7.935899776568817288e+01
1.811811811811811834e+00,-7.988580259151800078e+01
1.821821821821821841e+00,-8.041260741734782869e+01
1.831831831831831847e+00,-8.093941224317765659e+01
1.841841841841841854e+00,-8.146621706900749871e+01
1.851851851851851860e+00,-8.199302189483732661e+01
1.861861861861861867e+00,-8.251982672066715452e+01
1.871871871871871873e+00,-8.304663154649698242e+01
1.881881881881881879e+00,-8.357343637232682454e+01
1.891891891891891886e+00,-8.410024119815665244e+01
1.901901901901901892e+00,-8.462704602398648035e+01
1.911911911911911899e+00,-8.515385084981630825e+01
1.921921921921921905e+00,-8.568065567564615037e+01
1.931931931931931912e+00,-8.620746050147597828e+01
1.941941941941941918e+00,-8.673426532730580618e+01
1.951951951951951925e+00,-8.726107015313563409e+01
1.961961961961961931e+00,-8.778787497896547620e+01
1.971971971971971938e+00,-8.831467980479530411e+01
1.981981981981981944e+00,-8.884148463062514622e+01
1.991991991991991950e+00,-8.936828945645497413e+01
2.002002002002002179e+00,-8.989509428228480203e+01
2.012012012012012185e+00,-9.042189910811464415e+01
2.022022022022022192e+00,-9.094870393394447206e+01
2.032032032032032198e+00,-9.147550875977431417e+01
2.042042042042042205e+00,-9.200231358560414208e+01
2.052052052052052211e+00,-9.252911841143396998e+01
2.062062062062062218e+00,-9.305592323726379789e+01
2.072072072072072224e+00,-9.358272806309364000e+01
2.082082082082082231e+00,-9.410953288892346791e+01
2.092092092092092237e+00,-9.463633771475331002e+01
2.102102102102102243e+00,-9.516314254058312372e+01
2.112112112112112250e+00,-9.568994736641296583e+01
2.122122122122122256e+00,-9.621675219224279374e+01
2.132132132132132263e+00,-9.674355701807263586e+01
2.142142142142142269e+00,-9.727036184390244955e+01
2.152152152152152276e+00,-9.779716666973230588e+01
2.162162162162162282e+00,-9.832397149556211957e+01
2.172172172172172289e+00,-9.885077632139196169e+01
2.182182182182182295e+00,-9.937758114722177538e+01
2.192192192192192302e+00,-9.990438597305163171e+01
2.202202202202202308e+00,-1.004311907988814454e+02
2.212212212212212314e+00,-1.009579956247112875e+02
2.222222222222222321e+00,-1.014848004505411012e+02
2.232232232232232327e+00,-1.020116052763709575e+02
2.242242242242242334e+00,-1.025384101022007997e+02
2.252252252252252340e+00,-1.030652149280306134e+02
2.262262262262262347e+00,-1.035920197538604555e+02
2.272272272272272353e+00,-1.041188245796902834e+02
2.282282282282282360e+00,-1.046456294055201255e+02
2.292292292292292366e+00,-1.051724342313499392e+02
2.302302302302302373e+00,-1.056992390571797671e+02
2.312312312312312379e+00,-1.062260438830095950e+02
2.322322322322322385e+00,-1.067528487088394655e+02
2.332332332332332392e+00,-1.072796535346692792e+02
2.342342342342342398e+00,-1.078064583604990929e+02
2.352352352352352405e+00,-1.083332631863289208e+02
2.362362362362362411e+00,-1.088600680121587914e+02
2.372372372372372418e+00,-1.093868728379886051e+02
2.382382382382382424e+00,-1.099136776638184188e+02
2.392392392392392431e+00,-1.104404824896482467e+02
2.402402402402402437e+00,-1.109644682929987454e+02
2.412412412412412444e+00,-1.114798208400061839e+02
2.422422422422422450e+00,-1.119863639417656458e+02
2.432432432432432456e+00,-1.124840975982771027e+02
2.442442442442442463e+00,-1.129730218095405689e+02
2.452452452452452469e+00,-1.134531365755560444e+02
2.462462462462462476e+00,-1.139244418963235574e+02
2.472472472472472482e+00,-1.143869377718430371e+02
2.482482482482482489e+00,-1.148406242021145545e+02
2.492492492492492495e+00,-1.152855011871380668e+02
2.502502502502502502e+00,-1.157215687269136026e+02
2.512512512512512508e+00,-1.161488268214411335e+02
2.522522522522522515e+00,-1.165672754707207019e+02
2.532532532532532521e+00,-1.169769146747522512e+02
2.542542542542542527e+00,-1.173777444335358240e+02
2.552552552552552534e+00,-1.177697647470713918e+02
2.562562562562562540e+00,-1.181529756153589972e+02
2.572572572572572547e+00,-1.185273770383985976e+02
2.582582582582582553e+00,-1.188929690161901931e+02
2.592592592592592560e+00,-1.192497515487338120e+02
2.602602602602602566e+00,-1.195977246360294401e+02
2.612612612612612573e+00,-1.199368882780770775e+02
2.622622622622622579e+00,-1.202672424748766957e+02
2.632632632632632586e+00,-1.205887872264283658e+02
2.642642642642642592e+00,-1.209015225327320167e+02
2.652652652652652598e+00,-1.212054483937877194e+02
2.662662662662662605e+00,-1.215005648095953745e+02
2.672672672672672611e+00,-1.217868717801550815e+02
2.682682682682682618e+00,-1.220643693054667693e+02
2.692692692692692624e+00,-1.223330573855304806e+02
2.702702702702702631e+00,-1.225929360203462011e+02
2.712712712712712637e+00,-1.228440052099139450e+02
2.722722722722722644e+00,-1.230862649542336698e+02
2.732732732732732650e+00,-1.233197152533054179e+02
2.742742742742742657e+00,-1.235443561071291754e+02
2.752752752752752663e+00,-1.237601875157049420e+02
2.762762762762762669e+00,-1.239672094790327037e+02
2.772772772772772676e+00,-1.241654219971125173e+02
2.782782782782782682e+00,-1.243548250699443116e+02
2.792792792792792689e+00,-1.245354186975281010e+02
2.802802802802802695e+00,-1.247072028798639280e+02
2.812812812812812702e+00,-1.248701776169517359e+02
2.822822822822822708e+00,-1.250243429087915672e+02
2.832832832832832715e+00,-1.251696987553834219e+02
2.842842842842842721e+00,-1.253062451567272859e+02
2.852852852852852727e+00,-1.254339821128231307e+02
2.862862862862862734e+00,-1.255529096236709989e+02
2.872872872872872740e+00,-1.256630276892708906e+02
2.882882882882882747e+00,-1.257643363096227773e+02
2.892892892892892753e+00,-1.258568354847266733e+02
2.902902902902902760e+00,-1.259405252145826068e+02
2.912912912912912766e+00,-1.260154054991905213e+02
2.922922922922922773e+00,-1.260814763385504307e+02
2.932932932932932779e+00,-1.261387377326623778e+02
2.942942942942942786e+00,-1.261871896815263199e+02
2.952952952952952792e+00,-1.262268321851422854e+02
2.962962962962962798e+00,-1.262576652435102460e+02
2.972972972972972805e+00,-1.262796888566302442e+02
2.982982982982982811e+00,-1.262929030245022091e+02
2.992992992992992818e+00,-1.262973077471262116e+02
3.003003003003002824e+00,-1.262973077471262116e+02
3.013013013013012831e+00,-1.262994340060011069e+02
3.023023023023022837e+00,-1.263058110612172840e+02
3.033033033033032844e+00,-1.263164337473168644e+02
3.043043043043042850e+00,-1.263312934510950214e+02
3.053053053053052857e+00,-1.263503781054327959e+02
3.063063063063062863e+00,-1.263736721806541539e+02
3.073073073073072869e+00,-1.264011566733990577e+02
3.083083083083082876e+00,-1.264328090930008841e+02
3.093093093093092882e+00,-1.264686034453556402e+02
3.103103103103102889e+00,-1.265085102142680000e+02
3.113113113113112895e+00,-1.265524963402574059e+02
3.123123123123122902e+00,-1.266005251968064726e+02
3.133133133133132908e+00,-1.266525565640322810e+02
3.143143143143142915e+00,-1.267085465997616609e+02
3.153153153153152921e+00,-1.267684478079893751e+02
3.163163163163162928e+00,-1.268322090047008857e+02
3.173173173173172934e+00,-1.268997752810392257e+02
3.183183183183182940e+00,-1.269710879637996044e+02
3.193193193193192947e+00,-1.270460845732352340e+02
3.203203203203202953e+00,-1.271246987781617150e+02
3.213213213213213404e+00,-1.272068603483502329e+02
3.223223223223223410e+00,-1.272924951042045052e+02
3.233233233233233417e+00,-1.273815248637209550e+02
3.243243243243243423e+00,-1.274738673867387462e+02
3.253253253253253430e+00,-1.275694363164925846e+02
3.263263263263263436e+00,-1.276681411184903396e+02
3.273273273273273443e+00,-1.277698870167472052e+02
3.283283283283283449e+00,-1.278745749274185357e+02
3.293293293293293456e+00,-1.279821013898868642e+02
3.303303303303303462e+00,-1.280923584953722525e+02
3.313313313313313468e+00,-1.282052338131504712e+02
3.323323323323323475e+00,-1.283206103144823373e+02
3.333333333333333481e+00,-1.284383662943745037e+02
3.343343343343343488e+00,-1.285583752913164801e+02
3.353353353353353494e+00,-1.286805060051587191e+02
3.363363363363363501e+00,-1.288046222133253025e+02
3.373373373373373507e+00,-1.289305826855799069e+02
3.383383383383383514e+00,-1.290582410975956691e+02
3.393393393393393520e+00,-1.291874459436118343e+02
3.403403403403403527e+00,-1.293180404484944575e+02
3.413413413413413533e+00,-1.294498624795568276e+02
3.423423423423423539e+00,-1.295827444585350747e+02
3.433433433433433546e+00,-1.297165132741571654e+02
3.443443443443443552e+00,-1.298509901957886825e+02
3.453453453453453559e+00,-1.299859907886860526e+02
3.463463463463463565e+00,-1.301213248314384998e+02
3.473473473473473572e+00,-1.302567962362308833e+02
3.483483483483483578e+00,-1.303922029726145126e+02
3.493493493493493585e+00,-1.305273369955275768e+02
3.503503503503503591e+00,-1.306619841783638662e+02
3.513513513513513598e+00,-1.307959242519460190e+02
3.523523523523523604e+00,-1.309289307503168232e+02
3.533533533533533610e+00,-1.310607709643190617e+02
3.543543543543543617e+00,-1.311912059039914311e+02
3.553553553553553623e+00,-1.313199902708608988e+02
3.563563563563563630e+00,-1.314468724412638494e+02
3.573573573573573636e+00,-1.315715944618747528e+02
3.583583583583583643e+00,-1.316938920586640336e+02
3.593593593593593649e+00,-1.318134946605398454e+02
3.603603603603603656e+00,-1.319300870883261894e+02
3.613613613613613662e+00,-1.320421831234780541e+02
3.623623623623623669e+00,-1.321491150321591022e+02
3.633633633633633675e+00,-1.322508570034038371e+02
3.643643643643643681e+00,-1.323473842318595928e+02
3.653653653653653688e+00,-1.324386729585147293e+02
3.663663663663663694e+00,-1.325247005101746822e+02
3.673673673673673701e+00,-1.326054453375600133e+02
3.683683683683683707e+00,-1.326808870519028858e+02
3.693693693693693714e+00,-1.327510064599205464e+02
3.703703703703703720e+00,-1.328157855970474088e+02
3.713713713713713727e+00,-1.328752077588127349e+02
3.723723723723723733e+00,-1.329292575302538921e+02
3.733733733733733740e+00,-1.329779208132622728e+02
3.743743743743743746e+00,-1.330211848517636213e+02
3.753753753753753752e+00,-1.330590382546423598e+02
3.763763763763763759e+00,-1.330914710163259542e+02
3.773773773773773765e+00,-1.331184745349537479e+02
3.783783783783783772e+00,-1.331400416280630736e+02
3.793793793793793778e+00,-1.331561665457332424e+02
3.803803803803803785e+00,-1.331668449811393202e+02
3.813813813813813791e+00,-1.331720740784744805e+02
3.823823823823823798e+00,-1.331718524382121132e+02
3.833833833833833804e+00,-1.331661801196868566e+02
3.843843843843843811e+00,-1.331550586409850609e+02
3.853853853853853817e+00,-1.331384909761451922e+02
3.863863863863863823e+00,-1.331164815496788663e+02
3.873873873873873830e+00,-1.330890362284327466e+02
3.883883883883883836e+00,-1.330561623108229412e+02
3.893893893893893843e+00,-1.330178685134820853e+02
3.903903903903903849e+00,-1.329741649553689911e+02
3.913913913913913856e+00,-1.329250631394009474e+02
3.923923923923923862e+00,-1.328705759316759156e+02
3.933933933933933869e+00,-1.328107175383616152e+02
3.943943943943943875e+00,-1.327455034803356000e+02
3.953953953953953881e+00,-1.326749505656675581e+02
3.963963963963963888e+00,-1.325990768600420040e+02
3.973973973973973894e+00,-1.325179016552263249e+02
3.983983983983983901e+00,-1.324314454356919271e+02
3.993993993993993907e+00,-1.323397298435050118e+02
4.004004004004004358e+00,-1.322427776416031406e+02
4.014014014014014364e+00,-1.321406126755804280e+02
4.024024024024024371e+00,-1.320332598341048822e+02
4.034034034034034377e+00,-1.319207450080942863e+02
4.044044044044044384e+00,-1.318030950487774646e+02
4.054054054054054390e+00,-1.316803377247687763e+02
4.064064064064064397e+00,-1.315525016782837326e+02
4.074074074074074403e+00,-1.314196163806222728e+02
4.084084084084084409e+00,-1.312817120870451220e+02
4.094094094094094416e+00,-1.311388197911670659e+02
4.104104104104104422e+00,-1.309909711789876496e+02
4.114114114114114429e+00,-1.308381985826777907e+02
4.124124124124124435e+00,-1.306805349342369027e+02
4.134134134134134442e+00,-1.305180137191305221e+02
4.144144144144144448e+00,-1.303506689300159849e+02
4.154154154154154455e+00,-1.301785350206572502e+02
4.164164164164164461e+00,-1.300016468601259874e+02
4.174174174174174468e+00,-1.298200396873813816e+02
4.184184184184184474e+00,-1.296337490663145502e+02
4.194194194194194480e+00,-1.294428108413393943e+02
4.204204204204204487e+00,-1.292472610936048909e+02
4.214214214214214493e+00,-1.290471360978992266e+02
4.224224224224224500e+00,-1.288424722803095221e+02
4.234234234234234506e+00,-1.286333061766963226e+02
4.244244244244244513e+00,-1.284196743920348638e+02
4.254254254254254519e+00,-1.282016135606709781e+02
4.264264264264264526e+00,-1.279791603075331352e+02
4.274274274274274532e+00,-1.277523512103366272e+02
4.284284284284284539e+00,-1.275212227628114903e+02
4.294294294294294545e+00,-1.272858113389790873e+02
4.304304304304304551e+00,-1.270461531584993509e+02
4.314314314314314558e+00,-1.268022842531036360e+02
4.324324324324324564e+00,-1.265542404341257736e+02
4.334334334334334571e+00,-1.263020572611377901e+02
4.344344344344344577e+00,-1.260457700116933921e+02
4.354354354354354584e+00,-1.257854136521790167e+02
4.364364364364364590e+00,-1.255210228097668335e+02
4.374374374374374597e+00,-1.252526317454623666e+02
4.384384384384384603e+00,-1.249802743282354811e+02
4.394394394394394610e+00,-1.247039840102198696e+02
4.404404404404404616e+00,-1.244237938029650081e+02
4.414414414414414622e+00,-1.241397362547195655e+02
4.424424424424424629e+00,-1.238518434287261698e+02
4.434434434434434635e+00,-1.235601468825014280e+02
4.444444444444444642e+00,-1.232646776480774378e+02
4.454454454454454648e+00,-1.229654662131748211e+02
4.464464464464464655e+00,-1.226625425032802070e+02
4.474474474474474661e+00,-1.223559358645960629e+02
4.484484484484484668e+00,-1.220456750478317360e+02
4.494494494494494674e+00,-1.217317881928029664e+02
4.504504504504504681e+00,-1.214143028138061595e+02
4.514514514514514687e+00,-1.210932457857328046e+02
4.524524524524524693e+00,-1.207686433308893612e+02
4.534534534534534700e+00,-1.204405210064869749e+02
4.544544544544544706e+00,-1.201089036927652671e+02
4.554554554554554713e+00,-1.197738155817139614e+02
4.564564564564564719e+00,-1.194352801663561507e+02
4.574574574574574726e+00,-1.190933202305566425e+02
4.584584584584584732e+00,-1.187479578393194117e+02
4.594594594594594739e+00,-1.183992143295370028e+02
4.604604604604604745e+00,-1.180471103011562519e+02
4.614614614614614752e+00,-1.176916656087239375e+02
4.624624624624624758e+00,-1.173328993532761899e+02
4.634634634634634764e+00,-1.169708298745359514e+02
4.644644644644644771e+00,-1.166054747433832972e+02
4.654654654654654777e+00,-1.162368507545625818e+02
4.664664664664664784e+00,-1.158649739195919608e+02
4.674674674674674790e+00,-1.154898594598400621e+02
4.684684684684684797e+00,-1.151115217997354563e+02
4.694694694694694803e+00,-1.147299745600746945e+02
4.704704704704704810e+00,-1.143452305513941383e+02
4.714714714714714816e+00,-1.139573017673726127e+02
4.724724724724724823e+00,-1.135661993782304933e+02
4.734734734734734829e+00,-1.131719337240916445e+02
4.744744744744744835e+00,-1.127745143082751582e+02
4.754754754754754842e+00,-1.123739497904827545e+02
4.764764764764764848e+00,-1.119702479798490486e+02
4.774774774774774855e+00,-1.115634158278209327e+02
4.784784784784784861e+00,-1.111534594208323341e+02
4.794794794794794868e+00,-1.107403839727408013e+02
4.804804804804804874e+00,-1.103241938169920502e+02
4.814814814814814881e+00,-1.099048923984778270e+02
4.824824824824824887e+00,-1.094824822650528802e+02
4.834834834834834894e+00,-1.090569650586753028e+02
4.844844844844844900e+00,-1.086283415061354418e+02
4.854854854854854906e+00,-1.081966114093360289e+02
4.864864864864864913e+00,-1.077617736350873656e+02
4.874874874874874919e+00,-1.073238261043786963e+02
4.884884884884884926e+00,-1.068827657810881675e+02
4.894894894894894932e+00,-1.064385886600896498e+02
4.904904904904904939e+00,-1.059912897547169308e+02
4.914914914914914945e+00,-1.055408630835413817e+02
4.924924924924924952e+00,-1.050873016564198110e+02
4.934934934934934958e+00,-1.046305974597662924e+02
4.944944944944944965e+00,-1.041707414410008425e+02
4.954954954954954971e+00,-1.037077234921246571e+02
4.964964964964964977e+00,-1.032415324323712298e+02
4.974974974974974984e+00,-1.027721559898778878e+02
4.984984984984984990e+00,-1.022995807823219394e+02
4.994994994994994997e+00,-1.018237922964614910e+02
5.005005005005005003e+00,-1.013447748665179518e+02
5.015015015015015010e+00,-1.008625116513342306e+02
5.025025025025025016e+00,-1.003769846102392194e+02
5.035035035035035023e+00,-9.988817447754387047e+01
5.045045045045045029e+00,-9.939606073559195920e+01
5.055055055055055035e+00,-9.890062158628124678e+01
5.065065065065065042e+00,-9.840183392096859905e+01
5.075075075075075048e+00,-9.789967328866468677e+01
5.085085085085085055e+00,-9.739411386241883406e+01
5.095095095095095061e+00,-9.688512840378851365e+01
5.105105105105105068e+00,-9.637268822528012890e+01
5.115115115115115074e+00,-9.585676315063997777e+01
5.125125125125125081e+00,-9.533732147286728775e+01
5.135135135135135087e+00,-9.481432990980978559e+01
5.145145145145145094e+00,-9.428775355719520235e+01
5.155155155155155100e+00,-9.375755583893841560e+01
5.165165165165165106e+00,-9.322369845455521897e+01
5.175175175175175113e+00,-9.268614132349783574e+01
5.185185185185185119e+00,-9.214484252621700477e+01
5.195195195195195126e+00,-9.159975824173592684e+01
5.205205205205205132e+00,-9.105084268150957882e+01
5.215215215215215139e+00,-9.049804801932053522e+01
5.225225225225225145e+00,-8.994132431694532670e+01
5.235235235235235152e+00,-8.938061944530277003e+01
5.245245245245245158e+00,-8.881587900077188635e+01
5.255255255255255165e+00,-8.824704621634082002e+01
5.265265265265265171e+00,-8.767406186721930794e+01
5.275275275275275177e+00,-8.709686417051764806e+01
5.285285285285285184e+00,-8.651538867855623494e+01
5.295295295295295190e+00,-8.592956816533653353e+01
5.305305305305305197e+00,-8.533933250565748097e+01
5.315315315315315203e+00,-8.474460854631827544e+01
5.325325325325325210e+00,-8.414531996879392750e+01
5.335335335335335216e+00,-8.354138714271536514e+01
5.345345345345345223e+00,-8.293272696941939159e+01
5.355355355355355229e+00,-8.231925271476607975e+01
5.365365365365365236e+00,-8.170087383034049822e+01
5.375375375375375242e+00,-8.107749576206930442e+01
5.385385385385385248e+00,-8.044901974518417376e+01
5.395395395395395255e+00,-7.981534258435496554e+01
5.405405405405405261e+00,-7.917979006764987560e+01
5.415415415415415268e+00,-7.854947812858998191e+01
5.425425425425425274e+00,-7.792477809136345002e+01
5.435435435435435281e+00,-7.730585034938091837e+01
5.445445445445445287e+00,-7.669285725904940421e+01
5.455455455455455294e+00,-7.608596321180137068e+01
5.465465465465465300e+00,-7.548533469750620384e+01
5.475475475475475307e+00,-7.489114035884507814e+01
5.485485485485485313e+00,-7.430355103619319834e+01
5.495495495495495319e+00,-7.372273980252046499e+01
5.505505505505505326e+00,-7.314888198778818662e+01
5.515515515515515332e+00,-7.258215519228845380e+01
5.525525525525525339e+00,-7.202273928834759431e+01
5.535535535535535345e+00,-7.147081640978755956e+01
5.545545545545545352e+00,-7.092657092852029166e+01
5.555555555555555358e+00,-7.039018941763443138e+01
5.565565565565565365e+00,-6.986186060031975842e+01
5.575575575575575371e+00,-6.934177528397263757e+01
5.585585585585585378e+00,-6.883012627882386880e+01
5.595595595595595384e+00,-6.832710830044032946e+01
5.605605605605605390e+00,-6.783291785546779806e+01
5.615615615615615397e+00,-6.734775311000743159e+01
5.625625625625625403e+00,-6.687181374005247392e+01
5.635635635635635410e+00,-6.640530076345848443e+01
5.645645645645645416e+00,-6.594841635297710525e+01
5.655655655655655423e+00,-6.550136362994810213e+01
5.665665665665665429e+00,-6.506434643833200937e+01
5.675675675675675436e+00,-6.463756909885167090e+01
5.685685685685685442e+00,-6.422123614312378947e+01
5.695695695695695449e+00,-6.381555202777943947e+01
5.705705705705705455e+00,-6.342072082870695482e+01
5.715715715715715461e+00,-6.303694591569698957e+01
5.725725725725725468e+00,-6.266442960792997496e+01
5.735735735735735474e+00,-6.230337281091726709e+01
5.745745745745745481e+00,-6.195397463569055674e+01
5.755755755755755487e+00,-6.161643200122280462e+01
5.765765765765765494e+00,-6.129093922126848071e+01
5.775775775775775500e+00,-6.097768757700998066e+01
5.785785785785785507e+00,-6.067686487710975030e+01
5.795795795795795513e+00,-6.038865500697300348e+01
5.805805805805805520e+00,-6.011323746923343236e+01
5.815815815815815526e+00,-5.985078691767225934e+01
5.825825825825825532e+00,-5.960147268697435408e+01
5.835835835835835539e+00,-5.936545832089699104e+01
5.845845845845845545e+00,-5.914290110159195990e+01
5.855855855855855552e+00,-5.893395158295726333e+01
5.865865865865865558e+00,-5.873875313101078888e+01
5.875875875875875565e+00,-5.855744147436468694e+01
5.885885885885885571e+00,-5.839014426793307422e+01
5.895895895895895578e+00,-5.823698067302881043e+01
5.905905905905905584e+00,-5.809806095698717598e+01
5.915915915915915591e+00,-5.797348611540220276e+01
5.925925925925925597e+00,-5.786334751996675152e+01
5.935935935935935603e+00,-5.776772659477384764e+01
5.945945945945945610e+00,-5.768669452376503415e+01
5.955955955955955616e+00,-5.762031199180027841e+01
5.965965965965965623e+00,-5.756862896157403497e+01
5.975975975975975629e+00,-5.753168448832618509e+01
5.985985985985985636e+00,-5.750950657397989829e+01
5.995995995995995642e+00,-5.750211206200986425e+01
6.006006006006005649e+00,-5.750211206200986425e+01
6.016016016016015655e+00,-5.750632175933799317e+01
6.026026026026025662e+00,-5.751895098163781483e+01
6.036036036036035668e+00,-5.754000011888522437e+01
6.046046046046045674e+00,-5.756946981780772177e+01
6.056056056056055681e+00,-5.760736097704369030e+01
6.066066066066065687e+00,-5.765367474038347240e+01
6.076076076076075694e+00,-5.770841248810805268e+01
6.086086086086085700e+00,-5.777157582644598932e+01
6.096096096096095707e+00,-5.784316657517691596e+01
6.106106106106105713e+00,-5.792318675340887779e+01
6.116116116116115720e+00,-5.801163856356568260e+01
6.126126126126125726e+00,-5.810852437362073886e+01
6.136136136136135732e+00,-5.821384669761934560e+01
6.146146146146145739e+00,-5.832760817453345226e+01
6.156156156156155745e+00,-5.844981154549499536e+01
6.166166166166165752e+00,-5.858045962945975305e+01
6.176176176176175758e+00,-5.871955529734979962e+01
6.186186186186185765e+00,-5.886710144472984041e+01
6.196196196196195771e+00,-5.902310096307095222e+01
6.206206206206205778e+00,-5.918755670965595783e+01
6.216216216216215784e+00,-5.936047147618248232e+01
6.226226226226225791e+00,-5.954184795611763548e+01
6.236236236236235797e+00,-5.973168871085940168e+01
6.246246246246245803e+00,-5.992999613475772946e+01
6.256256256256255810e+00,-6.013677241904613879e+01
6.266266266266265816e+00,-6.035201951473567306e+01
6.276276276276275823e+00,-6.057573909451569705e+01
6.286286286286285829e+00,-6.080793251370823072e+01
6.296296296296295836e+00,-6.104860077031595722e+01
6.306306306306305842e+00,-6.129774446420134382e+01
6.316316316316315849e+00,-6.155536375543019290e+01
6.326326326326325855e+00,-6.182145832180947309e+01
6.336336336336335862e+00,-6.209602731564157807e+01
6.346346346346345868e+00,-6.237906931971573954e+01
6.356356356356355874e+00,-6.267058230254863105e+01
6.366366366366365881e+00,-6.297056357288187911e+01
6.376376376376375887e+00,-6.327900973343782454e+01
6.386386386386385894e+00,-6.359591663392768623e+01
6.396396396396395900e+00,-6.392127932330076590e+01
6.406406406406405907e+00,-6.425509200121480546e+01
6.416416416416416801e+00,-6.459734796870112916e+01
6.426426426426426808e+00,-6.494803957799109639e+01
6.436436436436436814e+00,-6.530715818146070717e+01
6.446446446446446821e+00,-6.567469407964473760e+01
6.456456456456456827e+00,-6.605063646826083357e+01
6.466466466466466834e+00,-6.643497338417807896e+01
6.476476476476476840e+00,-6.682769165025239033e+01
6.486486486486486847e+00,-6.722877681894608770e+01
6.496496496496496853e+00,-6.763821311463652819e+01
6.506506506506506859e+00,-6.805598337451003488e+01
6.516516516516516866e+00,-6.848206898792815878e+01
6.526526526526526872e+00,-6.891644983414279579e+01
6.536536536536536879e+00,-6.935910421822546823e+01
6.546546546546546885e+00,-6.981000880506638850e+01
6.556556556556556892e+00,-7.026913855128758257e+01
6.566566566566566898e+00,-7.073646663490154651e+01
6.576576576576576905e+00,-7.121196438253652161e+01
6.586586586586586911e+00,-7.169560119403672616e+01
6.596596596596596918e+00,-7.218734446423094653e+01
6.606606606606606924e+00,-7.268715950165291417e+01
6.616616616616616930e+00,-7.319500944397873354e+01
6.626626626626626937e+00,-7.371085516993549902e+01
6.636636636636636943e+00,-7.423465520741659418e+01
6.646646646646646950e+00,-7.476636563752497011e+01
6.656656656656656956e+00,-7.530593999424806384e+01
6.666666666666666963e+00,-7.585332915944880483e+01
6.676676676676676969e+00,-7.640848125283994818e+01
6.686686686686686976e+00,-7.697134151658757162e+01
6.696696696696696982e+00,-7.754185219416869757e+01
6.706706706706706989e+00,-7.811995240308615962e+01
6.716716716716716995e+00,-7.870557800101909152e+01
6.726726726726727001e+00,-7.929866144496332936e+01
6.736736736736737008e+00,-7.989913164288920200e+01
6.746746746746747014e+00,-8.050691379741567744e+01
6.756756756756757021e+00,-8.112192924097159619e+01
6.766766766766767027e+00,-8.174409526188125596e+01
6.776776776776777034e+00,-8.237332492078130031e+01
6.786786786786787040e+00,-8.300952685673804865e+01
6.796796796796797047e+00,-8.365260508240069726e+01
6.806806806806807053e+00,-8.430229546580068245e+01
6.816816816816817060e+00,-8.495311686799456652e+01
6.826826826826827066e+00,-8.560239822646541086e+01
6.836836836836837072e+00,-8.625008644387848733e+01
6.846846846846847079e+00,-8.689612766980556557e+01
6.856856856856857085e+00,-8.754046725995107181e+01
6.866866866866867092e+00,-8.818304973527612844e+01
6.876876876876877098e+00,-8.882381874099182539e+01
6.886886886886887105e+00,-8.946271700539652727e+01
6.896896896896897111e+00,-9.009968629853554489e+01
6.906906906906907118e+00,-9.073466739066495279e+01
6.916916916916917124e+00,-9.136760001050447499e+01
6.926926926926927131e+00,-9.199842280327005994e+01
6.936936936936937137e+00,-9.262707328847808697e+01
6.946946946946947143e+00,-9.325348781751962690e+01
6.956956956956957150e+00,-9.387760153100673222e+01
6.966966966966967156e+00,-9.449934831589699513e+01
6.976976976976977163e+00,-9.511866076240863777e+01
6.986986986986987169e+00,-9.573547012074219253e+01
6.996996996996997176e+00,-9.634970625763217811e+01
7.007007007007007182e+00,-9.696129761275633996e+01
7.017017017017017189e+00,-9.757017115503745686e+01
7.027027027027027195e+00,-9.817625233887878267e+01
7.037037037037037202e+00,-9.877946506038179564e+01
7.047047047047047208e+00,-9.937973161360176277e+01
7.057057057057057214e+00,-9.997697264690538077e+01
7.067067067067067221e+00,-1.005711071195029120e+02
7.077077077077077227e+00,-1.011620522582359882e+02
7.087087087087087234e+00,-1.017497235147122723e+02
7.097097097097097240e+00,-1.023340345228886008e+02
7.107107107107107247e+00,-1.029148970572135653e+02
7.117117117117117253e+00,-1.034922209914535927e+02
7.127127127127127260e+00,-1.040659142583373153e+02
7.137137137137137266e+00,-1.046358828101657394e+02
7.147147147147147273e+00,-1.052020305805495326e+02
7.157157157157157279e+00,-1.057642594474474862e+02
7.167167167167167285e+00,-1.063224691976954546e+02
7.177177177177177292e+00,-1.068765574932299387e+02
7.187187187187187298e+00,-1.074264198392251757e+02
7.197197197197197305e+00,-1.079719495543802879e+02
7.207207207207207311e+00,-1.085130377436077964e+02
7.217217217217217318e+00,-1.090495732733932641e+02
7.227227227227227324e+00,-1.095814427501121031e+02
7.237237237237237331e+00,-1.101085305016083566e+02
7.247247247247247337e+00,-1.106307185623567193e+02
7.257257257257257343e+00,-1.111478866625479185e+02
7.267267267267267350e+00,-1.116599122214551159e+02
7.277277277277277356e+00,-1.121666703454560690e+02
7.287287287287287363e+00,-1.126680338311032727e+02
7.297297297297297369e+00,-1.131638731736504866e+02
7.307307307307307376e+00,-1.136540565814599120e+02
7.317317317317317382e+00,-1.141384499967279567e+02
7.327327327327327389e+00,-1.146169171229812065e+02
7.337337337337337395e+00,-1.150893194598051252e+02
7.347347347347347402e+00,-1.155555163452772405e+02
7.357357357357357408e+00,-1.160153650065829822e+02
7.367367367367367414e+00,-1.164687206192967466e+02
7.377377377377377421e+00,-1.169154363758110122e+02
7.387387387387387427e+00,-1.173553635633933681e+02
7.397397397397397434e+00,-1.177883516523445024e+02
7.407407407407407440e+00,-1.182142483947177851e+02
7.417417417417417447e+00,-1.186328999340455113e+02
7.427427427427427453e+00,-1.190441509264930033e+02
7.437437437437437460e+00,-1.194478446738356183e+02
7.447447447447447466e+00,-1.198438232686171006e+02
7.457457457457457473e+00,-1.202319277518080725e+02
7.467467467467467479e+00,-1.206119982832336319e+02
7.477477477477477485e+00,-1.209838743249841713e+02
7.487487487487487492e+00,-1.213473948379591434e+02
7.497497497497497498e+00,-1.217023984916221764e+02
7.507507507507507505e+00,-1.220487238869663571e+02
7.517517517517517511e+00,-1.223862097926018464e+02
7.527527527527527518e+00,-1.227146953937814828e+02
7.537537537537537524e+00,-1.230340205540792340e+02
7.547547547547547531e+00,-1.233440260893254674e+02
7.557557557557557537e+00,-1.236445540532887009e+02
7.567567567567567544e+00,-1.239354480344706104e+02
7.577577577577577550e+00,-1.242165534632572985e+02
7.587587587587587556e+00,-1.244877179285392685e+02
7.597597597597597563e+00,-1.247487915027822396e+02
7.607607607607607569e+00,-1.249996270743998252e+02
7.617617617617617576e+00,-1.252400806861481186e+02
7.627627627627627582e+00,-1.254700118781362619e+02
7.637637637637637589e+00,-1.256892840339246789e+02
7.647647647647647595e+00,-1.258977647280678411e+02
7.657657657657657602e+00,-1.260953260733539025e+02
7.667667667667667608e+00,-1.262818450658988780e+02
7.677677677677677615e+00,-1.264572039261730225e+02
7.687687687687687621e+00,-1.266212904339737264e+02
7.697697697697697627e+00,-1.267739982553101754e+02
7.707707707707707634e+00,-1.269152272591401669e+02
7.717717717717717640e+00,-1.270448838218908350e+02
7.727727727727727647e+00,-1.271628811177122031e+02
7.737737737737737653e+00,-1.272691393924506258e+02
7.747747747747747660e+00,-1.273635862193919337e+02
7.757757757757757666e+00,-1.274461567349103603e+02
7.767767767767767673e+00,-1.275167938522688615e+02
7.777777777777777679e+00,-1.275754484519501659e+02
7.787787787787787686e+00,-1.276220795470507454e+02
7.797797797797797692e+00,-1.276566544224450155e+02
7.807807807807807698e+00,-1.276791487466194752e+02
7.817817817817817705e+00,-1.276895466552831948e+02
7.827827827827827711e+00,-1.276878408060829315e+02
7.837837837837837718e+00,-1.276740324039798651e+02
7.847847847847847724e+00,-1.276481311970826482e+02
7.857857857857857731e+00,-1.276101554429706368e+02
7.867867867867867737e+00,-1.275601318457795230e+02
7.877877877877877744e+00,-1.274980954645583324e+02
7.887887887887887750e+00,-1.274240895936326723e+02
7.897897897897897757e+00,-1.273381656159276076e+02
7.907907907907907763e+00,-1.272403828304064177e+02
7.917917917917917769e+00,-1.271308082549693097e+02
7.927927927927927776e+00,-1.270095164063245932e+02
7.937937937937937782e+00,-1.268765890584936216e+02
7.947947947947947789e+00,-1.267321149817365864e+02
7.957957957957957795e+00,-1.265761896637900890e+02
7.967967967967967802e+00,-1.264089150153863841e+02
7.977977977977977808e+00,-1.262303990620809202e+02
7.987987987987987815e+00,-1.260407556244460352e+02
7.997997997997997821e+00,-1.258401039886987149e+02
8.008008008008008716e+00,-1.256285685698175314e+02
8.018018018018018722e+00,-1.254062785691711781e+02
8.028028028028028729e+00,-1.251733676286281138e+02
8.038038038038038735e+00,-1.249299734830491673e+02
8.048048048048048742e+00,-1.246762376129789516e+02
8.058058058058058748e+00,-1.244123048992568243e+02
8.068068068068068754e+00,-1.241383232811575681e+02
8.078078078078078761e+00,-1.238544434195573132e+02
8.088088088088088767e+00,-1.235608183664948285e+02
8.098098098098098774e+00,-1.232576032423721415e+02
8.108108108108108780e+00,-1.229449549219057616e+02
8.118118118118118787e+00,-1.226230317298104637e+02
8.128128128128128793e+00,-1.222919931470650710e+02
8.138138138138138800e+00,-1.219519995284830145e+02
8.148148148148148806e+00,-1.216032118321848969e+02
8.158158158158158813e+00,-1.212457913614511966e+02
8.168168168168168819e+00,-1.208798995193188546e+02
8.178178178178178825e+00,-1.205056975761777807e+02
8.188188188188188832e+00,-1.201233464505239539e+02
8.198198198198198838e+00,-1.197330065029313744e+02
8.208208208208208845e+00,-1.193348373432210110e+02
8.218218218218218851e+00,-1.189289976507273252e+02
8.228228228228228858e+00,-1.185156450074938590e+02
8.238238238238238864e+00,-1.180949357441675431e+02
8.248248248248248871e+00,-1.176670247983075654e+02
8.258258258258258877e+00,-1.172320655847789084e+02
8.268268268268268884e+00,-1.167902098778600362e+02
8.278278278278278890e+00,-1.163416077046630619e+02
8.288288288288288896e+00,-1.158864072494365303e+02
8.298298298298298903e+00,-1.154247547683016961e+02
8.308308308308308909e+00,-1.149567945139572487e+02
8.318318318318318916e+00,-1.144826686698776541e+02
8.328328328328328922e+00,-1.140025172935230842e+02
8.338338338338338929e+00,-1.135164782680784867e+02
8.348348348348348935e+00,-1.130246872622402776e+02
8.358358358358358942e+00,-1.125272776975735383e+02
8.368368368368368948e+00,-1.120243807229704913e+02
8.378378378378378954e+00,-1.115161251957508881e+02
8.388388388388388961e+00,-1.110026376689559129e+02
8.398398398398398967e+00,-1.104840423844020734e+02
8.408408408408408974e+00,-1.099604612710742089e+02
8.418418418418418980e+00,-1.094320139484546104e+02
8.428428428428428987e+00,-1.088988177344004242e+02
8.438438438438438993e+00,-1.083609876571996438e+02
8.448448448448449000e+00,-1.078186364714523364e+02
8.458458458458459006e+00,-1.072718746774432503e+02
8.468468468468469013e+00,-1.067208105436886001e+02
8.478478478478479019e+00,-1.061655501323572111e+02
8.488488488488489025e+00,-1.056061973272856989e+02
8.498498498498499032e+00,-1.050428538643219838e+02
8.508508508508509038e+00,-1.044756193637503259e+02
8.518518518518519045e+00,-1.039045913645675085e+02
8.528528528528529051e+00,-1.033298653603935549e+02
8.538538538538539058e+00,-1.027515348368186068e+02
8.548548548548549064e+00,-1.021696913100004025e+02
8.558558558558559071e+00,-1.015844243663419633e+02
8.568568568568569077e+00,-1.009958217030924459e+02
8.578578578578579084e+00,-1.004039691697264942e+02
8.588588588588589090e+00,-9.980895080997161983e+01
8.598598598598599096e+00,-9.921084890436219439e+01
8.608608608608609103e+00,-9.860974401321242055e+01
8.618618618618619109e+00,-9.800571501990914669e+01
8.628628628628629116e+00,-9.739883917443701478e+01
8.638638638638639122e+00,-9.678919213705648872e+01
8.648648648648649129e+00,-9.617684802206490247e+01
8.658658658658659135e+00,-9.556187944157937864e+01
8.668668668668669142e+00,-9.494435754928674953e+01
8.678678678678679148e+00,-9.432435208411588690e+01
8.688688688688689155e+00,-9.370193141379124313e+01
8.698698698698699161e+00,-9.307716257823591377e+01
8.708708708708709167e+00,-9.245011133279747639e+01
8.718718718718719174e+00,-9.182084219127537494e+01
8.728728728728729180e+00,-9.118941846873477175e+01
8.738738738738739187e+00,-9.055590232409650753e+01
8.748748748748749193e+00,-8.992035480249805346e+01
8.758758758758759200e+00,-8.928283587742441796e+01
8.768768768768769206e+00,-8.864340449261281663e+01
8.778778778778779213e+00,-8.800211860373883610e+01
8.788788788788789219e+00,-8.735903521989588683e+01
8.798798798798799226e+00,-8.671421044488369034e+01
8.808808808808809232e+00,-8.606769951832427523e+01
8.818818818818819238e+00,-8.541955685662941278e+01
8.828828828828829245e+00,-8.476983609384457452e+01
8.838838838838839251e+00,-8.411859012239980871e+01
8.848848848848849258e+00,-8.346587113379976586e+01
8.858858858858859264e+00,-8.281173065928908272e+01
8.868868868868869271e+00,-8.215621961053312816e+01
8.878878878878879277e+00,-8.149938832035600456e+01
8.888888888888889284e+00,-8.084128658358184794e+01
8.898898898898899290e+00,-8.018196369802906531e+01
8.908908908908909297e+00,-7.952146850570964887e+01
8.918918918918919303e+00,-7.885984943429025407e+01
8.928928928928929309e+00,-7.819715453887444312e+01
8.938938938938939316e+00,-7.753343154416945993e+01
8.948948948948949322e+00,-7.686872788710535076e+01
8.958958958958959329e+00,-7.620309075997809600e+01
8.968968968968969335e+00,-7.553656715419170098e+01
8.978978978978979342e+00,-7.486920390468030462e+01
8.988988988988989348e+00,-7.420104773509569895e+01
8.998998998998999355e+00,-7.353214530384953207e+01
9.009009009009009361e+00,-7.286254325110724039e+01
9.019019019019019368e+00,-7.219228824683330004e+01
9.029029029029029374e+00,-7.152142703999774653e+01
9.039039039039039380e+00,-7.085000650905602981e+01
9.049049049049049387e+00,-7.017807371382501458e+01
9.059059059059059393e+00,-6.950567594888282485e+01
9.069069069069069400e+00,-6.883286079863036377e+01
9.079079079079079406e+00,-6.815967619415991408e+01
9.089089089089089413e+00,-6.748617047208527708e+01
9.099099099099099419e+00,-6.681239243549934770e+01
9.109109109109109426e+00,-6.613839141723465787e+01
9.119119119119119432e+00,-6.546421734561407391e+01
9.129129129129129439e+00,-6.478992081289239024e+01
9.139139139139139445e+00,-6.411555314660128602e+01
9.149149149149149451e+00,-6.344116648402653169e+01
9.159159159159159458e+00,-6.276681385006057212e+01
9.169169169169169464e+00,-6.209254923869034570e+01
9.179179179179179471e+00,-6.141842769839939820e+01
9.189189189189189477e+00,-6.074450542178102808e+01
9.199199199199199484e+00,-6.007083983968223606e+01
9.209209209209209490e+00,-5.940018916160719442e+01
9.219219219219219497e+00,-5.873817302190767009e+01
9.229229229229229503e+00,-5.808500399246226920e+01
9.239239239239239510e+00,-5.744072307503883934e+01
9.249249249249249516e+00,-5.680536855551942921e+01
9.259259259259259522e+00,-5.617897605166835717e+01
9.269269269269269529e+00,-5.556157855625610154e+01
9.279279279279279535e+00,-5.495320647588733465e+01
9.289289289289289542e+00,-5.435388766587732334e+01
9.299299299299299548e+00,-5.376364746151746488e+01
9.309309309309309555e+00,-5.318250870607010938e+01
9.319319319319319561e+00,-5.261049177582697922e+01
9.329329329329329568e+00,-5.204761460257002170e+01
9.339339339339339574e+00,-5.149389269377051193e+01
9.349349349349349581e+00,-5.094933915086462406e+01
9.359359359359359587e+00,-5.041396468594580682e+01
9.369369369369369593e+00,-4.988777763721421366e+01
9.379379379379379600e+00,-4.937078398352746689e+01
9.389389389389389606e+00,-4.886298735839890384e+01
9.399399399399399613e+00,-4.836438906378954528e+01
9.409409409409409619e+00,-4.787498808404470907e+01
9.419419419419419626e+00,-4.739478110032318625e+01
9.429429429429429632e+00,-4.692376250587246744e+01
9.439439439439439639e+00,-4.646192442249787291e+01
9.449449449449449645e+00,-4.600925671857446986e+01
9.459459459459459651e+00,-4.556574702894812390e+01
9.469469469469469658e+00,-4.513138077706641127e+01
9.479479479479479664e+00,-4.470614119967525113e+01
9.489489489489489671e+00,-4.429000937440849128e+01
9.499499499499499677e+00,-4.388296425058862127e+01
9.509509509509509684e+00,-4.348498268354711627e+01
9.519519519519519690e+00,-4.309603947275405744e+01
9.529529529529529697e+00,-4.271610740403803419e+01
9.539539539539539703e+00,-4.234515729615214497e+01
9.549549549549549710e+00,-4.198315805192610384e+01
9.559559559559559716e+00,-4.163007671421904377e+01
9.569569569569569722e+00,-4.128587852686450077e+01
9.579579579579579729e+00,-4.095052700076852403e+01
9.589589589589589735e+00,-4.062398398529497712e+01
9.599599599599599742e+00,-4.030620974503980847e+01
9.609609609609609748e+00,-3.999716304206001638e+01
9.619619619619619755e+00,-3.969680122358958130e+01
9.629629629629629761e+00,-3.940508031523896193e+01
9.639639639639639768e+00,-3.912195511963080463e+01
9.649649649649649774e+00,-3.884737932039154629e+01
9.659659659659659781e+00,-3.858130559137253357e+01
9.669669669669669787e+00,-3.832368571093908827e+01
9.679679679679679793e+00,-3.807447068111850541e+01
9.689689689689689800e+00,-3.783361085136228752e+01
9.699699699699699806e+00,-3.760105604663639411e+01
9.709709709709709813e+00,-3.737675569951173316e+01
9.719719719719719819e+00,-3.716065898589248917e+01
9.729729729729729826e+00,-3.695271496397924693e+01
9.739739739739739832e+00,-3.675287271603503569e+01
9.749749749749749839e+00,-3.656108149248247230e+01
9.759759759759759845e+00,-3.637729085783846728e+01
9.769769769769769852e+00,-3.620145083795976859e+01
9.779779779779779858e+00,-3.603351206805314177e+01
9.789789789789789864e+00,-3.587342594088048742e+01
9.799799799799799871e+00,-3.572114475457536287e+01
9.809809809809809877e+00,-3.557662185947181399e+01
9.819819819819819884e+00,-3.543981180333825165e+01
9.829829829829829890e+00,-3.531067047440437534e+01
9.839839839839839897e+00,-3.518915524156594898e+01
9.849849849849849903e+00,-3.507522509115815978e+01
9.859859859859859910e+00,-3.496884075969092009e+01
9.869869869869869916e+00,-3.486996486195326383e+01
9.879879879879879923e+00,-3.477856201390772384e+01
9.889889889889889929e+00,-3.469459894981290660e+01
9.899899899899899935e+00,-3.461804463303496249e+01
9.909909909909909942e+00,-3.454887036003470513e+01
9.919919919919919948e+00,-3.448704985704407022e+01
9.929929929929929955e+00,-3.443255936897850233e+01
9.939939939939939961e+00,-3.438537774016588600e+01
9.949949949949949968e+00,-3.434548648651048808e+01
9.959959959959959974e+00,-3.431286985874590556e+01
9.969969969969969981e+00,-3.428751489648068684e+01
9.979979979979979987e+00,-3.426941147277298683e+01
9.989989989989989994e+00,-3.425855232902419800e+01
1.000000000000000000e+01,-3.425493310002397607e+01
