0.000000000000000000e+00,0.000000000000000000e+00
1.001001001001000992e-02,2.909488559534345511e-03
2.002002002002001985e-02,1.163795423813738204e-02
3.003003003003002977e-02,2.618539703580910830e-02
4.004004004004003969e-02,4.655181695254952817e-02
5.005005005005004615e-02,7.273721398835863994e-02
6.006006006006005954e-02,1.047415881432364332e-01
7.007007007007007293e-02,1.425649394171829287e-01
8.008008008008007939e-02,1.862072678101981127e-01
9.009009009009008584e-02,2.356685733222819434e-01
1.001001001001000923e-01,2.909488559534345598e-01
1.101101101101101126e-01,3.520481157036558506e-01
1.201201201201201191e-01,4.189663525729457327e-01
1.301301301301301394e-01,4.917035665613043727e-01
1.401401401401401459e-01,5.702597576687317149e-01
1.501501501501501523e-01,6.546349258952277594e-01
1.601601601601601588e-01,7.448290712407924508e-01
1.701701701701701652e-01,8.408421937054256778e-01
1.801801801801801717e-01,9.426742932891277738e-01
1.901901901901901781e-01,1.050325369991898850e+00
2.002002002002001846e-01,1.163795423813738239e+00
2.102102102102102188e-01,1.283084454754646497e+00
2.202202202202202252e-01,1.408192462814623402e+00
2.302302302302302317e-01,1.539119447993668954e+00
2.402402402402402382e-01,1.675865410291782931e+00
2.502502502502502724e-01,1.818430349708965776e+00
2.602602602602602788e-01,1.966814266245217491e+00
2.702702702702702853e-01,2.121017159900537408e+00
2.802802802802802917e-01,2.281039030674926860e+00
2.902902902902902982e-01,2.446879878568385180e+00
3.003003003003003046e-01,2.618539703580911038e+00
3.103103103103103111e-01,2.796018505712506652e+00
3.203203203203203175e-01,2.979316284963169803e+00
3.303303303303303240e-01,3.168433041332902267e+00
3.403403403403403304e-01,3.363368774821702711e+00
3.503503503503503369e-01,3.564123485429572913e+00
3.603603603603603434e-01,3.770697173156511095e+00
3.703703703703703498e-01,3.983089838002519478e+00
3.803803803803803563e-01,4.201301479967595398e+00
3.903903903903903627e-01,4.425332099051740187e+00
4.004004004004003692e-01,4.655181695254952956e+00
4.104104104104104311e-01,4.890850268577234594e+00
4.204204204204204376e-01,5.132337819018585989e+00
4.304304304304304440e-01,5.379644346579003589e+00
4.404404404404404505e-01,5.632769851258493610e+00
4.504504504504504570e-01,5.891714333057049835e+00
4.604604604604604634e-01,6.156477791974675817e+00
4.704704704704704699e-01,6.427060228011368892e+00
4.804804804804804763e-01,6.703461641167131724e+00
4.904904904904904828e-01,6.985682031441963424e+00
5.005005005005005447e-01,7.273721398835863106e+00
5.105105105105105512e-01,7.567579743348832544e+00
5.205205205205205576e-01,7.867257064980869963e+00
5.305305305305305641e-01,8.172753363731974474e+00
5.405405405405405705e-01,8.484068639602149631e+00
5.505505505505505770e-01,8.801202892591394544e+00
5.605605605605605835e-01,9.124156122699707439e+00
5.705705705705705899e-01,9.452928329927090090e+00
5.805805805805805964e-01,9.787519514273540722e+00
5.905905905905906028e-01,1.012792967573905756e+01
6.006006006006006093e-01,1.047404243478126240e+01
6.106106106106106157e-01,1.082201726650156992e+01
6.206206206206206222e-01,1.116999209822187744e+01
6.306306306306306286e-01,1.151796692994218496e+01
6.406406406406406351e-01,1.186594176166249248e+01
6.506506506506506415e-01,1.221391659338280000e+01
6.606606606606606480e-01,1.256189142510310752e+01
6.706706706706706544e-01,1.290986625682341504e+01
6.806806806806806609e-01,1.325784108854372256e+01
6.906906906906906674e-01,1.360581592026403008e+01
7.007007007007006738e-01,1.395379075198433760e+01
7.107107107107106803e-01,1.430176558370464512e+01
7.207207207207206867e-01,1.464974041542495087e+01
7.307307307307306932e-01,1.499771524714526194e+01
7.407407407407406996e-01,1.534569007886557124e+01
7.507507507507507061e-01,1.569366491058587876e+01
7.607607607607607125e-01,1.604163974230618805e+01
7.707707707707707190e-01,1.638961457402649557e+01
7.807807807807807254e-01,1.673758940574679954e+01
7.907907907907907319e-01,1.708556423746710706e+01
8.008008008008007383e-01,1.743353906918741458e+01
8.108108108108108558e-01,1.778151390090772566e+01
8.208208208208208623e-01,1.812948873262803318e+01
8.308308308308308687e-01,1.847746356434833714e+01
8.408408408408408752e-01,1.882543839606864466e+01
8.508508508508508816e-01,1.917341322778895218e+01
8.608608608608608881e-01,1.952138805950926326e+01
8.708708708708708945e-01,1.986936289122956723e+01
8.808808808808809010e-01,2.021733772294987830e+01
8.908908908908909074e-01,2.056531255467018582e+01
9.009009009009009139e-01,2.091328738639049334e+01
9.109109109109109204e-01,2.126126221811080441e+01
9.209209209209209268e-01,2.160923704983111193e+01
9.309309309309309333e-01,2.195721188155141590e+01
9.409409409409409397e-01,2.230518671327172342e+01
9.509509509509509462e-01,2.265316154499203094e+01
9.609609609609609526e-01,2.300113637671234201e+01
9.709709709709709591e-01,2.334911120843264953e+01
9.809809809809809655e-01,2.369708604015295350e+01
9.909909909909909720e-01,2.404506087187326102e+01
1.001001001001001089e+00,2.439303570359356854e+01
1.011011011011011096e+00,2.474101053531387961e+01
1.021021021021021102e+00,2.508898536703418714e+01
1.031031031031031109e+00,2.543696019875449110e+01
1.041041041041041115e+00,2.578493503047479862e+01
1.051051051051051122e+00,2.613290986219510614e+01
1.061061061061061128e+00,2.648088469391541722e+01
1.071071071071071135e+00,2.682885952563572474e+01
1.081081081081081141e+00,2.717683435735602870e+01
1.091091091091091148e+00,2.752480918907633622e+01
1.101101101101101154e+00,2.787278402079664374e+01
1.111111111111111160e+00,2.822075885251695482e+01
1.121121121121121167e+00,2.856873368423726944e+01
1.131131131131131173e+00,2.891670851595757696e+01
1.141141141141141180e+00,2.926468334767788093e+01
1.151151151151151186e+00,2.961265817939819200e+01
1.161161161161161193e+00,2.996063301111849597e+01
1.171171171171171199e+00,3.030860784283880349e+01
1.181181181181181206e+00,3.065658267455911457e+01
1.191191191191191212e+00,3.100455750627941853e+01
1.201201201201201219e+00,3.135253233799972961e+01
1.211211211211211225e+00,3.170050716972003357e+01
1.221221221221221231e+00,3.204848200144034109e+01
1.231231231231231238e+00,3.239645683316064861e+01
1.241241241241241244e+00,3.274443166488095613e+01
1.251251251251251251e+00,3.309240649660127076e+01
1.261261261261261257e+00,3.344038132832157117e+01
1.271271271271271264e+00,3.378835616004187870e+01
1.281281281281281270e+00,3.413633099176218622e+01
1.291291291291291277e+00,3.448430582348249374e+01
1.301301301301301283e+00,3.483228065520280836e+01
1.311311311311311290e+00,3.518025548692310878e+01
1.321321321321321296e+00,3.552823031864341630e+01
1.331331331331331302e+00,3.587620515036372382e+01
1.341341341341341309e+00,3.622417998208403134e+01
1.351351351351351315e+00,3.657215481380434596e+01
1.361361361361361322e+00,3.692012964552464638e+01
1.371371371371371328e+00,3.726810447724495390e+01
1.381381381381381335e+00,3.761607930896526142e+01
1.391391391391391341e+00,3.796405414068556894e+01
1.401401401401401348e+00,3.831202897240588356e+01
1.411411411411411354e+00,3.866000380412618398e+01
1.421421421421421361e+00,3.900797863584649150e+01
1.431431431431431367e+00,3.935595346756679902e+01
1.441441441441441373e+00,3.970392829928710654e+01
1.451451451451451380e+00,4.005190313100742117e+01
1.461461461461461386e+00,4.039987796272772869e+01
1.471471471471471393e+00,4.074785279444803621e+01
1.481481481481481399e+00,4.109582762616834373e+01
1.491491491491491406e+00,4.144380245788865125e+01
1.501501501501501412e+00,4.179177728960895877e+01
1.511511511511511419e+00,4.213975212132926629e+01
1.521521521521521425e+00,4.248772695304957381e+01
1.531531531531531432e+00,4.283570178476988133e+01
1.541541541541541438e+00,4.318367661649018885e+01
1.551551551551551444e+00,4.353165144821049637e+01
1.561561561561561451e+00,4.387962627993080389e+01
1.571571571571571457e+00,4.422760111165111141e+01
1.581581581581581464e+00,4.457557594337141893e+01
1.591591591591591470e+00,4.492355077509172645e+01
1.601601601601601477e+00,4.527152560681203397e+01
1.611611611611611705e+00,4.561950043853234149e+01
1.621621621621621712e+00,4.596747527025264901e+01
1.631631631631631718e+00,4.631545010197295653e+01
1.641641641641641725e+00,4.666342493369326405e+01
1.651651651651651731e+00,4.701139976541357157e+01
1.661661661661661737e+00,4.735937459713387909e+01
1.671671671671671744e+00,4.770734942885418661e+01
1.681681681681681750e+00,4.805532426057449413e+01
1.691691691691691757e+00,4.840329909229480165e+01
1.701701701701701763e+00,4.875127392401510917e+01
1.711711711711711770e+00,4.909924875573541669e+01
1.721721721721721776e+00,4.944722358745572421e+01
1.731731731731731783e+00,4.979519841917603173e+01
1.741741741741741789e+00,5.014317325089633925e+01
1.751751751751751796e+00,5.049114808261664678e+01
1.761761761761761802e+00,5.083912291433696140e+01
1.771771771771771808e+00,5.118709774605727603e+01
1.781781781781781815e+00,5.153507257777757644e+01
1.791791791791791821e+00,5.188304740949788396e+01
1.801801801801801828e+00,5.223102224121819148e+01
1.811811811811811834e+00,5.257899707293849900e+01
1.821821821821821841e+00,5.292697190465881363e+01
1.831831831831831847e+00,5.327494673637911404e+01
1.841841841841841854e+00,5.362292156809942156e+01
1.851851851851851860e+00,5.397089639981972908e+01
1.861861861861861867e+00,5.431887123154003660e+01
1.871871871871871873e+00,5.466684606326034412e+01
1.881881881881881879e+00,5.501482089498065164e+01
1.891891891891891886e+00,5.536279572670095916e+01
1.901901901901901892e+00,5.571077055842126668e+01
1.911911911911911899e+00,5.605874539014157421e+01
1.921921921921921905e+00,5.640672022186188173e+01
1.931931931931931912e+00,5.675469505358218925e+01
1.941941941941941918e+00,5.710266988530249677e+01
1.951951951951951925e+00,5.745064471702279718e+01
1.961961961961961931e+00,5.779861954874311181e+01
1.971971971971971938e+00,5.814659438046342643e+01
1.981981981981981944e+00,5.849456921218371974e+01
1.991991991991991950e+00,5.884254404390403437e+01
2.002002002002002179e+00,5.919051887562434189e+01
2.012012012012012185e+00,5.953849370734465651e+01
2.022022022022022192e+00,5.988646853906495693e+01
2.032032032032032198e+00,6.023444337078527866e+01
2.042042042042042205e+00,6.058241820250557907e+01
2.052052052052052211e+00,6.093039303422588659e+01
2.062062062062062218e+00,6.127836786594618701e+01
2.072072072072072224e+00,6.162634269766650164e+01
2.082082082082082231e+00,6.197431752938679494e+01
2.092092092092092237e+00,6.232229236110712378e+01
2.102102102102102243e+00,6.267026719282741709e+01
2.112112112112112250e+00,6.301824202454773172e+01
2.122122122122122256e+00,6.336621685626803213e+01
2.132132132132132263e+00,6.371419168798833965e+01
2.142142142142142269e+00,6.406216651970865428e+01
2.152152152152152276e+00,6.441014135142896180e+01
2.162162162162162282e+00,6.475811618314926932e+01
2.172172172172172289e+00,6.510609101486957684e+01
2.182182182182182295e+00,6.545406584658987015e+01
2.192192192192192302e+00,6.580204067831019188e+01
2.202202202202202308e+00,6.615001551003049940e+01
2.212212212212212314e+00,6.649799034175080692e+01
2.222222222222222321e+00,6.684596517347110023e+01
2.232232232232232327e+00,6.719394000519142196e+01
2.242242242242242334e+00,6.754191483691174369e+01
2.252252252252252340e+00,6.788988966863203700e+01
2.262262262262262347e+00,6.823786450035234452e+01
2.272272272272272353e+00,6.858583933207265204e+01
2.282282282282282360e+00,6.893381416379297377e+01
2.292292292292292366e+00,6.928178899551326708e+01
2.302302302302302373e+00,6.962976382723357460e+01
2.312312312312312379e+00,6.997773865895386791e+01
2.322322322322322385e+00,7.032571349067420385e+01
2.332332332332332392e+00,7.067368832239449716e+01
2.342342342342342398e+00,7.102166315411480468e+01
2.352352352352352405e+00,7.136963798583509799e+01
2.362362362362362411e+00,7.171761281755543394e+01
2.372372372372372418e+00,7.206558764927574146e+01
2.382382382382382424e+00,7.241356248099603476e+01
2.392392392392392431e+00,7.276153731271632807e+01
2.402402402402402437e+00,7.310765007175855601e+01
2.412412412412412444e+00,7.344806023322406929e+01
2.422422422422422450e+00,7.378265141757053414e+01
2.432432432432432456e+00,7.411142362479790791e+01
2.442442442442442463e+00,7.443437685490621902e+01
2.452452452452452469e+00,7.475151110789545328e+01
2.462462462462462476e+00,7.506282638376563909e+01
2.472472472472472482e+00,7.536832268251674805e+01
2.482482482482482489e+00,7.566800000414878014e+01
2.492492492492492495e+00,7.596185834866174957e+01
2.502502502502502502e+00,7.624989771605565636e+01
2.512512512512512508e+00,7.653211810633047207e+01
2.522522522522522515e+00,7.680851951948623935e+01
2.532532532532532521e+00,7.707910195552292976e+01
2.542542542542542527e+00,7.734386541444055752e+01
2.552552552552552534e+00,7.760280989623910841e+01
2.562562562562562540e+00,7.785593540091861087e+01
2.572572572572572547e+00,7.810324192847902225e+01
2.582582582582582553e+00,7.834472947892037098e+01
2.592592592592592560e+00,7.858039805224267127e+01
2.602602602602602566e+00,7.881024764844586628e+01
2.612612612612612573e+00,7.903427826753001284e+01
2.622622622622622579e+00,7.925248990949509675e+01
2.632632632632632586e+00,7.946488257434110380e+01
2.642642642642642592e+00,7.967145626206803399e+01
2.652652652652652598e+00,7.987221097267591574e+01
2.662662662662662605e+00,8.006714670616470642e+01
2.672672672672672611e+00,8.025626346253444865e+01
2.682682682682682618e+00,8.043956124178511402e+01
2.692692692692692624e+00,8.061704004391670253e+01
2.702702702702702631e+00,8.078869986892922839e+01
2.712712712712712637e+00,8.095454071682269159e+01
2.722722722722722644e+00,8.111456258759707794e+01
2.732732732732732650e+00,8.126876548125240163e+01
2.742742742742742657e+00,8.141714939778864846e+01
2.752752752752752663e+00,8.155971433720583263e+01
2.762762762762762669e+00,8.169646029950393995e+01
2.772772772772772676e+00,8.182738728468298461e+01
2.782782782782782682e+00,8.195249529274296663e+01
2.792792792792792689e+00,8.207178432368388599e+01
2.802802802802802695e+00,8.218525437750571427e+01
2.812812812812812702e+00,8.229290545420847991e+01
2.822822822822822708e+00,8.239473755379218289e+01
2.832832832832832715e+00,8.249075067625682323e+01
2.842842842842842721e+00,8.258094482160238670e+01
2.852852852852852727e+00,8.266531998982888751e+01
2.862862862862862734e+00,8.274387618093631147e+01
2.872872872872872740e+00,8.281661339492467278e+01
2.882882882882882747e+00,8.288353163179395722e+01
2.892892892892892753e+00,8.294463089154417901e+01
2.902902902902902760e+00,8.299991117417533815e+01
2.912912912912912766e+00,8.304937247968740621e+01
2.922922922922922773e+00,8.309301480808042584e+01
2.932932932932932779e+00,8.313083815935438281e+01
2.942942942942942786e+00,8.316284253350924871e+01
2.952952952952952792e+00,8.318902793054506617e+01
2.962962962962962798e+00,8.320939435046180677e+01
2.972972972972972805e+00,8.322394179325947050e+01
2.982982982982982811e+00,8.323267025893807158e+01
2.992992992992992818e+00,8.323557974749761001e+01
3.003003003003002824e+00,8.323557974749761001e+01
3.013013013013012831e+00,8.323284926643125914e+01
3.023023023023022837e+00,8.322465403586747357e+01
3.033033033033032844e+00,8.321098269012750848e+01
3.043043043043042850e+00,8.319181627448281802e+01
3.053053053053052857e+00,8.316712822732461063e+01
3.063063063063062863e+00,8.313688435533258314e+01
3.073073073073072869e+00,8.310104280177752401e+01
3.083083083083082876e+00,8.305955400813446943e+01
3.093093093093092882e+00,8.301236066922864154e+01
3.103103103103102889e+00,8.295939768218529764e+01
3.113113113113112895e+00,8.290059208950920322e+01
3.123123123123122902e+00,8.283586301667661189e+01
3.133133133133132908e+00,8.276512160468980994e+01
3.143143143143142915e+00,8.268827093811421491e+01
3.153153153153152921e+00,8.260520596919919001e+01
3.163163163163162928e+00,8.251581343877084862e+01
3.173173173173172934e+00,8.241997179468447143e+01
3.183183183183182940e+00,8.231755110873181991e+01
3.193193193193192947e+00,8.220841299301943650e+01
3.203203203203202953e+00,8.209241051696703551e+01
3.213213213213213404e+00,8.196938812622246928e+01
3.223223223223223410e+00,8.183918156495070662e+01
3.233233233233233417e+00,8.170161780313310373e+01
3.243243243243243423e+00,8.155651497070761025e+01
3.253253253253253430e+00,8.140368230059370092e+01
3.263263263263263436e+00,8.124292008287832800e+01
3.273273273273273443e+00,8.107401963269052203e+01
3.283283283283283449e+00,8.089676327456577098e+01
3.293293293293293456e+00,8.071092434639437840e+01
3.303303303303303462e+00,8.051626722636331124e+01
3.313313313313313468e+00,8.031254738663731985e+01
3.323323323323323475e+00,8.009951147788170545e+01
3.333333333333333481e+00,7.987689744910586853e+01
3.343343343343343488e+00,7.964443470770029876e+01
3.353353353353353494e+00,7.940184432494937994e+01
3.363363363363363501e+00,7.914883929272316720e+01
3.373373373373373507e+00,7.888512483747938120e+01
3.383383383383383514e+00,7.861039879813657194e+01
3.393393393393393520e+00,7.832435207480160955e+01
3.403403403403403527e+00,7.802666915574378947e+01
3.413413413413413533e+00,7.771702873038832138e+01
3.423423423423423539e+00,7.739510439644458017e+01
3.433433433433433546e+00,7.706056546957138664e+01
3.443443443443443552e+00,7.671307790419523087e+01
3.453453453453453559e+00,7.635230533421697885e+01
3.463463463463463565e+00,7.597791024234467727e+01
3.473473473473473572e+00,7.558955526664678359e+01
3.483483483483483578e+00,7.518690465260351630e+01
3.493493493493493585e+00,7.476962585841125986e+01
3.503503503503503591e+00,7.433739132053015908e+01
3.513513513513513598e+00,7.388988038542468928e+01
3.523523523523523604e+00,7.342678141209169951e+01
3.533533533533533610e+00,7.294779404826367397e+01
3.543543543543543617e+00,7.245263168108176899e+01
3.553553553553553623e+00,7.194102406052219578e+01
3.563563563563563630e+00,7.141272009090155848e+01
3.573573573573573636e+00,7.086749078236877608e+01
3.583583583583583643e+00,7.030513235040049835e+01
3.593593593593593649e+00,6.972546944696669868e+01
3.603603603603603656e+00,6.912856045989458664e+01
3.613613613613613662e+00,6.852104965032069117e+01
3.623623623623623669e+00,6.790641646756564853e+01
3.633633633633633675e+00,6.728496519221961591e+01
3.643643643643643681e+00,6.665701538000871551e+01
3.653653653653653688e+00,6.602290118246939699e+01
3.663663663663663694e+00,6.538297057299274684e+01
3.673673673673673701e+00,6.473758448127702536e+01
3.683683683683683707e+00,6.408711584031867403e+01
3.693693693693693714e+00,6.343194855115131503e+01
3.703703703703703720e+00,6.277247637158253468e+01
3.713713713713713727e+00,6.210910173616632335e+01
3.723723723723723733e+00,6.144223451555681947e+01
3.733733733733733740e+00,6.077229072420387723e+01
3.743743743743743746e+00,6.009969118605154392e+01
3.753753753753753752e+00,5.942486016847284702e+01
3.763763763763763759e+00,5.874822399510468074e+01
3.773773773773773765e+00,5.807020964852718947e+01
3.783783783783783772e+00,5.739124337385409547e+01
3.793793793793793778e+00,5.671174929426320688e+01
3.803803803803803785e+00,5.603214804929979209e+01
3.813813813813813791e+00,5.535285546643464727e+01
3.823823823823823798e+00,5.467428127586173048e+01
3.833833833833833804e+00,5.399682787788763960e+01
3.843843843843843811e+00,5.332088917151337881e+01
3.853853853853853817e+00,5.264684945195113386e+01
3.863863863863863823e+00,5.197508238387650437e+01
3.873873873873873830e+00,5.130595005620867965e+01
3.883883883883883836e+00,5.063980212315706098e+01
3.893893893893893843e+00,4.997697503519342632e+01
3.903903903903903849e+00,4.931779136252727369e+01
3.913913913913913856e+00,4.866255921259103445e+01
3.923923923923923862e+00,4.801157174200768907e+01
3.933933933933933869e+00,4.736510676252362373e+01
3.943943943943943875e+00,4.672342643946502960e+01
3.953953953953953881e+00,4.608677708042379351e+01
3.963963963963963888e+00,4.545538901111173402e+01
3.973973973973973894e+00,4.482947653464244553e+01
3.983983983983983901e+00,4.420923796991763766e+01
3.993993993993993907e+00,4.359485576430765263e+01
4.004004004004004358e+00,4.298649667542593988e+01
4.014014014014014364e+00,4.238431201650210056e+01
4.024024024024024371e+00,4.178843795965440222e+01
4.034034034034034377e+00,4.119899589124470651e+01
4.044044044044044384e+00,4.061609281346181888e+01
4.054054054054054390e+00,4.003982178631427047e+01
4.064064064064064397e+00,3.947026240431498678e+01
4.074074074074074403e+00,3.890748130229808766e+01
4.084084084084084409e+00,3.835153268501643709e+01
4.094094094094094416e+00,3.780245887541597938e+01
4.104104104104104422e+00,3.726029087676575813e+01
4.114114114114114429e+00,3.672504894412912790e+01
4.124124124124124435e+00,3.619674316098738842e+01
4.134134134134134442e+00,3.567537401716543854e+01
4.144144144144144448e+00,3.516093298455184168e+01
4.154154154154154455e+00,3.465340308745131637e+01
4.164164164164164461e+00,3.415275946474741176e+01
4.174174174174174468e+00,3.365896992138649324e+01
4.184184184184184474e+00,3.317199546701599644e+01
4.194194194194194480e+00,3.269179083991765822e+01
4.204204204204204487e+00,3.221830501466871510e+01
4.214214214214214493e+00,3.175148169223861672e+01
4.224224224224224500e+00,3.129125977148467896e+01
4.234234234234234506e+00,3.083757380124680481e+01
4.244244244244244513e+00,3.039035441245874480e+01
4.254254254254254519e+00,2.994952872989001591e+01
4.264264264264264526e+00,2.951502076331158264e+01
4.274274274274274532e+00,2.908675177803714007e+01
4.284284284284284539e+00,2.866464064493276354e+01
4.294294294294294545e+00,2.824860417011237246e+01
4.304304304304304551e+00,2.783855740464280260e+01
4.314314314314314558e+00,2.743441393467523781e+01
4.324324324324324564e+00,2.703608615249730107e+01
4.334334334334334571e+00,2.664348550906463231e+01
4.344344344344344577e+00,2.625652274862360258e+01
4.354354354354354584e+00,2.587510812607815325e+01
4.364364364364364590e+00,2.549915160778556000e+01
4.374374374374374597e+00,2.512856305648849187e+01
4.384384384384384603e+00,2.476325240110536186e+01
4.394394394394394610e+00,2.440312979210890987e+01
4.404404404404404616e+00,2.404810574322419825e+01
4.414414414414414622e+00,2.369809126017357315e+01
4.424424424424424629e+00,2.335299795718740867e+01
4.434434434434434635e+00,2.301273816198753508e+01
4.444444444444444642e+00,2.267722500993381729e+01
4.454454454454454648e+00,2.234637252800672158e+01
4.464464464464464655e+00,2.202009570927747717e+01
4.474474474474474661e+00,2.169831057849526346e+01
4.484484484484484668e+00,2.138093424939716058e+01
4.494494494494494674e+00,2.106788497432179952e+01
4.504504504504504681e+00,2.075908218668215710e+01
4.514514514514514687e+00,2.045444653682753611e+01
4.524524524524524693e+00,2.015389992179849088e+01
4.534534534534534700e+00,1.985736550945278012e+01
4.544544544544544706e+00,1.956476775741522189e+01
4.554554554554554713e+00,1.927603242727856525e+01
4.564564564564564719e+00,1.899108659445831293e+01
4.574574574574574726e+00,1.870985865408049165e+01
4.584584584584584732e+00,1.843227832325775850e+01
4.594594594594594739e+00,1.815827664008712716e+01
4.604604604604604745e+00,1.788778595968078733e+01
4.614614614614614752e+00,1.762073994752066497e+01
4.624624624624624758e+00,1.735707357040766041e+01
4.634634634634634764e+00,1.709672308525746587e+01
4.644644644644644771e+00,1.683962602597664926e+01
4.654654654654654777e+00,1.658572118863579448e+01
4.664664664664664784e+00,1.633494861514008534e+01
4.674674674674674790e+00,1.608724957558224489e+01
4.684684684684684797e+00,1.584256654944845444e+01
4.694694694694694803e+00,1.560084320583401407e+01
4.704704704704704810e+00,1.536202438281273430e+01
4.714714714714714816e+00,1.512605606609184328e+01
4.724724724724724823e+00,1.489288536707307387e+01
4.734734734734734829e+00,1.466246050042977345e+01
4.744744744744744835e+00,1.443473076130004706e+01
4.754754754754754842e+00,1.420964650218677683e+01
4.764764764764764848e+00,1.398715910964657994e+01
4.774774774774774855e+00,1.376722098084178647e+01
4.784784784784784861e+00,1.354978550002214632e+01
4.794794794794794868e+00,1.333480701499584775e+01
4.804804804804804874e+00,1.312224081364318096e+01
4.814814814814814881e+00,1.291204310052011373e+01
4.824824824824824887e+00,1.270417097359346670e+01
4.834834834834834894e+00,1.249858240114445529e+01
4.844844844844844900e+00,1.229523619887245189e+01
4.854854854854854906e+00,1.209409200722656230e+01
4.864864864864864913e+00,1.189511026898867918e+01
4.874874874874874919e+00,1.169825220712768399e+01
4.884884884884884926e+00,1.150347980294148087e+01
4.894894894894894932e+00,1.131075577450005909e+01
4.904904904904904939e+00,1.112004355539997213e+01
4.914914914914914945e+00,1.093130727383823420e+01
4.924924924924924952e+00,1.074451173201072152e+01
4.934934934934934958e+00,1.055962238583839685e+01
4.944944944944944965e+00,1.037660532502223987e+01
4.954954954954954971e+00,1.019542725342614808e+01
4.964964964964964977e+00,1.001605546978512606e+01
4.974974974974974984e+00,9.838457848734508460e+00
4.984984984984984990e+00,9.662602822154557458e+00
4.994994994994994997e+00,9.488459360823316757e+00
5.005005005005005003e+00,9.315996956369197335e+00
5.015015015015015010e+00,9.145185603513843020e+00
5.025025025025025016e+00,8.975995782594370809e+00
5.035035035035035023e+00,8.808398442353217561e+00
5.045045045045045029e+00,8.642364982982751798e+00
5.055055055055055035e+00,8.477867239410706190e+00
5.065065065065065042e+00,8.314877464811813113e+00
5.075075075075075048e+00,8.153368314329615174e+00
5.085085085085085055e+00,7.993312828992166885e+00
5.095095095095095061e+00,7.834684419803629396e+00
5.105105105105105068e+00,7.677456851993665232e+00
5.115115115115115074e+00,7.521604229404796449e+00
5.125125125125125081e+00,7.367100978997545901e+00
5.135135135135135087e+00,7.213921835451741593e+00
5.145145145145145094e+00,7.062041825841564702e+00
5.155155155155155100e+00,6.911436254360553200e+00
5.165165165165165106e+00,6.762080687071850171e+00
5.175175175175175113e+00,6.613950936657355228e+00
5.185185185185185119e+00,6.467023047138401814e+00
5.195195195195195126e+00,6.321273278538726004e+00
5.205205205205205132e+00,6.176678091459216091e+00
5.215215215215215139e+00,6.033214131531742908e+00
5.225225225225225145e+00,5.890858213717811154e+00
5.235235235235235152e+00,5.749587306415300247e+00
5.245245245245245158e+00,5.609378515334396909e+00
5.255255255255255165e+00,5.470209067101222011e+00
5.265265265265265171e+00,5.332056292544531395e+00
5.275275275275275177e+00,5.194897609618204015e+00
5.285285285285285184e+00,5.058710505908093680e+00
5.295295295295295190e+00,4.923472520668529917e+00
5.305305305305305197e+00,4.789161226328977783e+00
5.315315315315315203e+00,4.655754209406938848e+00
5.325325325325325210e+00,4.523229050757501923e+00
5.335335335335335216e+00,4.391563305084482671e+00
5.345345345345345223e+00,4.260734479630827742e+00
5.355355355355355229e+00,4.130720011959380322e+00
5.365365365365365236e+00,4.001497246726074764e+00
5.375375375375375242e+00,3.873043411339045061e+00
5.385385385385385248e+00,3.745335590386222879e+00
5.395395395395395255e+00,3.618350698702867962e+00
5.405405405405405261e+00,3.492739406374747446e+00
5.415415415415415268e+00,3.369850425252244097e+00
5.425425425425425274e+00,3.249671230637289021e+00
5.435435435435435281e+00,3.132149491635618066e+00
5.445445445445445287e+00,3.017235342168950840e+00
5.455455455455455294e+00,2.904881304202727499e+00
5.465465465465465300e+00,2.795042214504491973e+00
5.475475475475475307e+00,2.687675154659614041e+00
5.485485485485485313e+00,2.582739384081585321e+00
5.495495495495495319e+00,2.480196275764592784e+00
5.505505505505505326e+00,2.380009254534857899e+00
5.515515515515515332e+00,2.282143737565799135e+00
5.525525525525525339e+00,2.186567076929526454e+00
5.535535535535535345e+00,2.093248503964664220e+00
5.545545545545545352e+00,2.002159075246883635e+00
5.555555555555555358e+00,1.913271619955381864e+00
5.565565565565565365e+00,1.826560688434573976e+00
5.575575575575575371e+00,1.742002501756720001e+00
5.585585585585585378e+00,1.659574902097649574e+00
5.595595595595595384e+00,1.579257303744196150e+00
5.605605605605605390e+00,1.501030644559200100e+00
5.615615615615615397e+00,1.424877337737117999e+00
5.625625625625625403e+00,1.350781223691669641e+00
5.635635635635635410e+00,1.278727521925417276e+00
5.645645645645645416e+00,1.208702782741255755e+00
5.655655655655655423e+00,1.140694838665879063e+00
5.665665665665665429e+00,1.074692755467542504e+00
5.675675675675675436e+00,1.010686782662678418e+00
5.685685685685685442e+00,9.486683034204081988e-01
5.695695695695695449e+00,8.886297837889381990e-01
5.705705705705705455e+00,8.305647211846824973e-01
5.715715715715715461e+00,7.744675921025434562e-01
5.725725725725725468e+00,7.203337990252047796e-01
5.735735735735735474e+00,6.681596165294761969e-01
5.745745745745745481e+00,6.179421366092885393e-01
5.755755755755755487e+00,5.696792132574725054e-01
5.765765765765765494e+00,5.233694063717703182e-01
5.775775775775775500e+00,4.790119250744385160e-01
5.785785785785785507e+00,4.366065705592818702e-01
5.795795795795795513e+00,3.961536786043767799e-01
5.805805805805805520e+00,3.576540619128885656e-01
5.815815815815815526e+00,3.211089524683129470e-01
5.825825825825825532e+00,2.865199441129844815e-01
5.835835835835835539e+00,2.538889355802211867e-01
5.845845845845845545e+00,2.232180742301660692e-01
5.855855855855855552e+00,1.945097007566821135e-01
5.865865865865865558e+00,1.677662951478410547e-01
5.875875875875875565e+00,1.429904241941439558e-01
5.885885885885885571e+00,1.201846908474567543e-01
5.895895895895895578e+00,9.935168573839660289e-02
5.905905905905905584e+00,8.049394116097859098e-02
5.915915915915915591e+00,6.361388783002196179e-02
5.925925925925925597e+00,4.871381470953953935e-02
5.935935935935935603e+00,3.579583219837311620e-02
5.945945945945945610e+00,2.486183894329571653e-02
5.955955955955955616e+00,1.591349252954376778e-02
5.965965965965965623e+00,8.952184274382183823e-03
5.975975975975975629e+00,3.979018321505790705e-03
5.985985985985985636e+00,9.947952027946878675e-04
5.995995995995995642e+00,0.000000000000000000e+00
6.006006006006005649e+00,0.000000000000000000e+00
6.016016016016015655e+00,1.929465189802125622e-03
6.026026026026025662e+00,7.716658574170561294e-03
6.036036036036035668e+00,1.735797377461309118e-02
6.046046046046045674e+00,3.084740074819626934e-02
6.056056056056055681e+00,4.817652666729400901e-02
6.066066066066065687e+00,6.933453714700509030e-02
6.076076076076075694e+00,9.430821781593640152e-02
6.086086086086085700e+00,1.230819562245556442e-01
6.096096096096095707e+00,1.556377440838096204e-01
6.106106106106105713e+00,1.919551798250983543e-01
6.116116116116115720e+00,2.320114714707065817e-01
6.126126126126125726e+00,2.757814398017901514e-01
6.136136136136135732e+00,3.232375218087611413e-01
6.146146146146145739e+00,3.743497744062743715e-01
6.156156156156155745e+00,4.290858783923968689e-01
6.166166166166165752e+00,4.874111426282974890e-01
6.176176176176175758e+00,5.492885084116009287e-01
6.186186186186185765e+00,6.146785540127753800e-01
6.196196196196195771e+00,6.835394993399819263e-01
6.206206206206205778e+00,7.558272106936078094e-01
6.216216216216215784e+00,8.314952055669067033e-01
6.226226226226225791e+00,9.104946574444641172e-01
6.236236236236235797e+00,9.927744005446136333e-01
6.246246246246245803e+00,1.078280934446615991e+00
6.256256256256255810e+00,1.166958428537261838e+00
6.266266266266265816e+00,1.258748726205292767e+00
6.276276276276275823e+00,1.353591348705478037e+00
6.286286286286285829e+00,1.451423498607244511e+00
6.296296296296295836e+00,1.552180062735331489e+00
6.306306306306305842e+00,1.655793614502622191e+00
6.316316316316315849e+00,1.762194415527120306e+00
6.326326326326325855e+00,1.871310416417157452e+00
6.336336336336335862e+00,1.983067256599985173e+00
6.346346346346345868e+00,2.097388263060603997e+00
6.356356356356355874e+00,2.214194447848130576e+00
6.366366366366365881e+00,2.333404504197870821e+00
6.376376376376375887e+00,2.454934801107433007e+00
6.386386386386385894e+00,2.578699376195284110e+00
6.396396396396395900e+00,2.704609926659761410e+00
6.406406406406405907e+00,2.832575798145879897e+00
6.416416416416416801e+00,2.962503971316422735e+00
6.426426426426426808e+00,3.094299045912312085e+00
6.436436436436436814e+00,3.227863222075594063e+00
6.446446446446446821e+00,3.363096278696215080e+00
6.456456456456456827e+00,3.499895548531275491e+00
6.466466466466466834e+00,3.638155889832281442e+00
6.476476476476476840e+00,3.777769654202459471e+00
6.486486486486486847e+00,3.918626650391988431e+00
6.496496496496496853e+00,4.060614103724259571e+00
6.506506506506506859e+00,4.203616610830898992e+00
6.516516516516516866e+00,4.347516089356949998e+00
6.526526526526526872e+00,4.492191722280718835e+00
6.536536536536536879e+00,4.637519896474687542e+00
6.546546546546546885e+00,4.783374135115113113e+00
6.556556556556556892e+00,4.929625023527584027e+00
6.566566566566566898e+00,5.076140128034881904e+00
6.576576576576576905e+00,5.222783907350485144e+00
6.586586586586586911e+00,5.369417616037235774e+00
6.596596596596596918e+00,5.515899199524910479e+00
6.606606606606606924e+00,5.662083180152952089e+00
6.616616616616616930e+00,5.807820533675530861e+00
6.626626626626626937e+00,5.952958555634468851e+00
6.636636636636636943e+00,6.097340716972321495e+00
6.646646646646646950e+00,6.240806508221670157e+00
6.656656656656656956e+00,6.383191271568484204e+00
6.666666666666666963e+00,6.524326020045894126e+00
6.676676676676676969e+00,6.664037243070756844e+00
6.686686686686686976e+00,6.802146697487895466e+00
6.696696696696696982e+00,6.938471183236425865e+00
6.706706706706706989e+00,7.072822302698253516e+00
6.716716716716716995e+00,7.205006202731227383e+00
6.726726726726727001e+00,7.334823298327285634e+00
6.736736736736737008e+00,7.462067976770777378e+00
6.746746746746747014e+00,7.586528281101613480e+00
6.756756756756757021e+00,7.707985571614197617e+00
6.766766766766767027e+00,7.826214164044298371e+00
6.776776776776777034e+00,7.940980943013412841e+00
6.786786786786787040e+00,8.052044949213096103e+00
6.796796796796797047e+00,8.159156938720437680e+00
6.806806806806807053e+00,8.262033735392448008e+00
6.816816816816817060e+00,8.359629207436574561e+00
6.826826826826827066e+00,8.451459859949117970e+00
6.836836836836837072e+00,8.537464901651672378e+00
6.846846846846847079e+00,8.617580610978718525e+00
6.856856856856857085e+00,8.691740268085256460e+00
6.866866866866867092e+00,8.759874085384726783e+00
6.876876876876877098e+00,8.821909136649592753e+00
6.886886886886887105e+00,8.877769284722722531e+00
6.896896896896897111e+00,8.927375107905598739e+00
6.906906906906907118e+00,8.970643825108359337e+00
6.916916916916917124e+00,9.007489219868949348e+00
6.926926926926927131e+00,9.037821563372048672e+00
6.936936936936937137e+00,9.061547536625445431e+00
6.946946946946947143e+00,9.078570151980766667e+00
6.956956956956957150e+00,9.088788674218289287e+00
6.966966966966967156e+00,9.092098541451552052e+00
6.976976976976977163e+00,9.088391286147741610e+00
6.986986986986987169e+00,9.077554456603754929e+00
6.996996996996997176e+00,9.059471539266942486e+00
7.007007007007007182e+00,9.034021882343269638e+00
7.017017017017017189e+00,9.001080621194859077e+00
7.027027027027027195e+00,8.960518606094399985e+00
7.037037037037037202e+00,8.912202332975219576e+00
7.047047047047047208e+00,8.855993877894698940e+00
7.057057057057057214e+00,8.791750836014438519e+00
7.067067067067067221e+00,8.719326265994777003e+00
7.077077077077077227e+00,8.638568640803439891e+00
7.087087087087087234e+00,8.549321806049819727e+00
7.097097097097097240e+00,8.451424947076997540e+00
7.107107107107107247e+00,8.344712566174784740e+00
7.117117117117117253e+00,8.229014471418340193e+00
7.127127127127127260e+00,8.104155778788637576e+00
7.137137137137137266e+00,7.969956929394849787e+00
7.147147147147147273e+00,7.826233723792015873e+00
7.157157157157157279e+00,7.672797375573677137e+00
7.167167167167167285e+00,7.509454586614719318e+00
7.177177177177177292e+00,7.336007646546900851e+00
7.187187187187187298e+00,7.152254559265936784e+00
7.197197197197197305e+00,6.957989199494159394e+00
7.207207207207207311e+00,6.753001502655050281e+00
7.217217217217217318e+00,6.537077691553486503e+00
7.227227227227227324e+00,6.310000543595069900e+00
7.237237237237237331e+00,6.071549702517327063e+00
7.247247247247247337e+00,5.821502038839535764e+00
7.257257257257257343e+00,5.559632063462408347e+00
7.267267267267267350e+00,5.285712399057525879e+00
7.277277277277277356e+00,4.999514314072416532e+00
7.287287287287287363e+00,4.700808324331863020e+00
7.297297297297297369e+00,4.389364867330766806e+00
7.307307307307307376e+00,4.064955054376370391e+00
7.317317317317317382e+00,3.727351505736969273e+00
7.327327327327327389e+00,3.376329273875490422e+00
7.337337337337337395e+00,3.011666859674331675e+00
7.347347347347347402e+00,2.633147326276277678e+00
7.357357357357357408e+00,2.240559514756745418e+00
7.367367367367367414e+00,1.833699365286023397e+00
7.377377377377377421e+00,1.412371346716963405e+00
7.387387387387387427e+00,9.763899966238795969e-01
7.397397397397397434e+00,5.255815727021755368e-01
7.407407407407407440e+00,5.978581509770448943e-02
7.417417417417417447e+00,-4.211421823464255865e-01
7.427427427427427453e+00,-9.173299957735125965e-01
7.437437437437437460e+00,-1.428885795872529174e+00
7.447447447447447466e+00,-1.955896181620098595e+00
7.457457457457457473e+00,-2.498423934133703561e+00
7.467467467467467479e+00,-3.056505704429408166e+00
7.477477477477477485e+00,-3.630149651961120050e+00
7.487487487487487492e+00,-4.219333054080615319e+00
7.497497497497497498e+00,-4.823999909944901354e+00
7.507507507507507505e+00,-5.444058565841905839e+00
7.517517517517517511e+00,-6.079379392319136599e+00
7.527527527527527518e+00,-6.729792546782483953e+00
7.537537537537537524e+00,-7.395085858264573986e+00
7.547547547547547531e+00,-8.075002873712369578e+00
7.557557557557557537e+00,-8.769241107268397784e+00
7.567567567567567544e+00,-9.477450535469969850e+00
7.577577577577577550e+00,-1.019923238191361747e+01
7.587587587587587556e+00,-1.093413823458301692e+01
7.597597597597597563e+00,-1.168166953758543869e+01
7.607607607607607569e+00,-1.244127749637428515e+01
7.617617617617617576e+00,-1.321236343157599080e+01
7.627627627627627582e+00,-1.399427961125137010e+01
7.637637637637637589e+00,-1.478633058481431561e+01
7.647647647647647595e+00,-1.558777503397489106e+01
7.657657657657657602e+00,-1.639782814709381142e+01
7.667667667667667608e+00,-1.721566451342249948e+01
7.677677677677677615e+00,-1.804042152310471891e+01
7.687687687687687621e+00,-1.887120324783587222e+01
7.697697697697697627e+00,-1.970708476605700454e+01
7.707707707707707634e+00,-2.054711688588265872e+01
7.717717717717717640e+00,-2.139033120900662510e+01
7.727727727727727647e+00,-2.223574546998365165e+01
7.737737737737737653e+00,-2.308236907789952497e+01
7.747747747747747660e+00,-2.392920878182419386e+01
7.757757757757757666e+00,-2.477527437783613706e+01
7.767767767767767673e+00,-2.561958437397237276e+01
7.777777777777777679e+00,-2.646117153027075375e+01
7.787787787787787686e+00,-2.729908819410673360e+01
7.797797797797797692e+00,-2.813241135617004574e+01
7.807807807807807698e+00,-2.896024735947275985e+01
7.817817817817817705e+00,-2.978173620245133080e+01
7.827827827827827711e+00,-3.059605538717963213e+01
7.837837837837837718e+00,-3.140242327457280780e+01
7.847847847847847724e+00,-3.220010191982766656e+01
7.857857857857857731e+00,-3.298839937282121326e+01
7.867867867867867737e+00,-3.376667143939410920e+01
7.877877877877877744e+00,-3.453432291003731081e+01
7.887887887887887750e+00,-3.529080827219073768e+01
7.897897897897897757e+00,-3.603563193091667216e+01
7.907907907907907763e+00,-3.676834796996306665e+01
7.917917917917917769e+00,-3.748855949108007479e+01
7.927927927927927776e+00,-3.819591757385796882e+01
7.937937937937937782e+00,-3.889011990133647600e+01
7.947947947947947789e+00,-3.957090909825916469e+01
7.957957957957957795e+00,-4.023807082922262879e+01
7.967967967967967802e+00,-4.089143170323595200e+01
7.977977977977977808e+00,-4.153085702951855751e+01
7.987987987987987815e+00,-4.215624846689475191e+01
7.997997997997997821e+00,-4.276754160606090949e+01
8.008008008008008716e+00,-4.336470352047218313e+01
8.018018018018018722e+00,-4.394773031777793193e+01
8.028028028028028729e+00,-4.451664471976670256e+01
8.038038038038038735e+00,-4.507149369478800338e+01
8.048048048048048742e+00,-4.561234616270334641e+01
8.058058058058058748e+00,-4.613929078866744504e+01
8.068068068068068754e+00,-4.665243387851733559e+01
8.078078078078078761e+00,-4.715189738530263952e+01
8.088088088088088767e+00,-4.763781703355315500e+01
8.098098098098098774e+00,-4.811034056526984415e+01
8.108108108108108780e+00,-4.856962610934608904e+01
8.118118118118118787e+00,-4.901584067417482515e+01
8.128128128128128793e+00,-4.944915876155982204e+01
8.138138138138138800e+00,-4.986976109870690976e+01
8.148148148148148806e+00,-5.027783348400371466e+01
8.158158158158158813e+00,-5.067356574147501647e+01
8.168168168168168819e+00,-5.105715077820120484e+01
8.178178178178178825e+00,-5.142878373858197705e+01
8.188188188188188832e+00,-5.178866124908722668e+01
8.198198198198198838e+00,-5.213698074704083751e+01
8.208208208208208845e+00,-5.247393988700303424e+01
8.218218218218218851e+00,-5.279973601843320807e+01
8.228228228228228858e+00,-5.311456572850646296e+01
8.238238238238238864e+00,-5.341862444420863909e+01
8.248248248248248871e+00,-5.371210608812651088e+01
8.258258258258258877e+00,-5.399520278267330298e+01
8.268268268268268884e+00,-5.426810459783022367e+01
8.278278278278278890e+00,-5.453099933783433073e+01
8.288288288288288896e+00,-5.478407236259428004e+01
8.298298298298298903e+00,-5.502750643996087376e+01
8.308308308308308909e+00,-5.526148162531508490e+01
8.318318318318318916e+00,-5.548617516525849425e+01
8.328328328328328922e+00,-5.570176142249727036e+01
8.338338338338338929e+00,-5.590841181929783232e+01
8.348348348348348935e+00,-5.610629479716180157e+01
8.358358358358358942e+00,-5.629557579061617645e+01
8.368368368368368948e+00,-5.647641721324427522e+01
8.378378378378378954e+00,-5.664897845429238998e+01
8.388388388388388961e+00,-5.681341588437849310e+01
8.398398398398398967e+00,-5.696988286900192122e+01
8.408408408408408974e+00,-5.711852978870932418e+01
8.418418418418418980e+00,-5.725950406491206479e+01
8.428428428428428987e+00,-5.739295019047541047e+01
8.438438438438438993e+00,-5.751900976431159762e+01
8.448448448448449000e+00,-5.763782152930790659e+01
8.458458458458459006e+00,-5.774952141300801145e+01
8.468468468468469013e+00,-5.785424257054266661e+01
8.478478478478479019e+00,-5.795211542937344262e+01
8.488488488488489025e+00,-5.804326773547237650e+01
8.498498498498499032e+00,-5.812782460061281142e+01
8.508508508508509038e+00,-5.820590855049177037e+01
8.518518518518519045e+00,-5.827763957344333789e+01
8.528528528528529051e+00,-5.834313516953704948e+01
8.538538538538539058e+00,-5.840251039988424964e+01
8.548548548548549064e+00,-5.845587793600130055e+01
8.558558558558559071e+00,-5.850334810909991745e+01
8.568568568568569077e+00,-5.854502895919392813e+01
8.578578578578579084e+00,-5.858102628392789057e+01
8.588588588588589090e+00,-5.861144368704650276e+01
8.598598598598599096e+00,-5.863638262643545573e+01
8.608608608608609103e+00,-5.865594246167480463e+01
8.618618618618619109e+00,-5.867022050105352093e+01
8.628628628628629116e+00,-5.867931204800195388e+01
8.638638638638639122e+00,-5.868331044690440734e+01
8.648648648648649129e+00,-5.868230712825925366e+01
8.658658658658659135e+00,-5.867639165315849681e+01
8.668668668668669142e+00,-5.866565175706206503e+01
8.678678678678679148e+00,-5.865017339284519693e+01
8.688688688688689155e+00,-5.863004077309981454e+01
8.698698698698699161e+00,-5.860533641167290853e+01
8.708708708708709167e+00,-5.857614116442655217e+01
8.718718718718719174e+00,-5.854253426920558923e+01
8.728728728728729180e+00,-5.850459338500032658e+01
8.738738738738739187e+00,-5.846239463029215244e+01
8.748748748748749193e+00,-5.841601262057115207e+01
8.758758758758759200e+00,-5.836552050501489930e+01
8.768768768768769206e+00,-5.831099000231822771e+01
8.778778778778779213e+00,-5.825249143566401244e+01
8.788788788788789219e+00,-5.819009376682497248e+01
8.798798798798799226e+00,-5.812386462938689391e+01
8.808808808808809232e+00,-5.805387036108320586e+01
8.818818818818819238e+00,-5.798017603523061325e+01
8.828828828828829245e+00,-5.790284549125599511e+01
8.838838838838839251e+00,-5.782194136430342724e+01
8.848848848848849258e+00,-5.773752511391032272e+01
8.858858858858859264e+00,-5.764965705174133603e+01
8.868868868868869271e+00,-5.755839636836751794e+01
8.878878878878879277e+00,-5.746380115907815878e+01
8.888888888888889284e+00,-5.736592844871147179e+01
8.898898898898899290e+00,-5.726483421548984154e+01
8.908908908908909297e+00,-5.716057341384421875e+01
8.918918918918919303e+00,-5.705319999621120530e+01
8.928928928928929309e+00,-5.694276693378529330e+01
8.938938938938939316e+00,-5.682932623620758505e+01
8.948948948948949322e+00,-5.671292897017075774e+01
8.958958958958959329e+00,-5.659362527691877176e+01
8.968968968968969335e+00,-5.647146438861818751e+01
8.978978978978979342e+00,-5.634649464357598703e+01
8.988988988988989348e+00,-5.621876350027766733e+01
8.998998998998999355e+00,-5.608831755021610377e+01
9.009009009009009361e+00,-5.595520252948102069e+01
9.019019019019019368e+00,-5.581946332907532593e+01
9.029029029029029374e+00,-5.568114400392248342e+01
9.039039039039039380e+00,-5.554028778052696680e+01
9.049049049049049387e+00,-5.539693706324553801e+01
9.059059059059059393e+00,-5.525113343912527597e+01
9.069069069069069400e+00,-5.510291768126026568e+01
9.079079079079079406e+00,-5.495232975061500724e+01
9.089089089089089413e+00,-5.479940879625925731e+01
9.099099099099099419e+00,-5.464419315395394960e+01
9.109109109109109426e+00,-5.448672034302428813e+01
9.119119119119119432e+00,-5.432702706145006033e+01
9.129129129129129439e+00,-5.416514917909897520e+01
9.139139139139139445e+00,-5.400112172902221630e+01
9.149149149149149451e+00,-5.383497889672604231e+01
9.159159159159159458e+00,-5.366675400732619039e+01
9.169169169169169464e+00,-5.349647951048473260e+01
9.179179179179179471e+00,-5.332418696302197958e+01
9.189189189189189477e+00,-5.314990700908720811e+01
9.199199199199199484e+00,-5.297366935776324226e+01
9.209209209209209490e+00,-5.279622102533897277e+01
9.219219219219219497e+00,-5.261910921079131498e+01
9.229229229229229503e+00,-5.244247363346794089e+01
9.239239239239239510e+00,-5.226640587054252762e+01
9.249249249249249516e+00,-5.209099391916710431e+01
9.259259259259259522e+00,-5.191632234154099734e+01
9.269269269269269529e+00,-5.174247240582445784e+01
9.279279279279279535e+00,-5.156952222311744549e+01
9.289289289289289542e+00,-5.139754688069928079e+01
9.299299299299299548e+00,-5.122661857170038502e+01
9.309309309309309555e+00,-5.105680672135517284e+01
9.319319319319319561e+00,-5.088817810996261670e+01
9.329329329329329568e+00,-5.072079699266115682e+01
9.339339339339339574e+00,-5.055472521610530379e+01
9.349349349349349581e+00,-5.039002233211197535e+01
9.359359359359359587e+00,-5.022674570832855778e+01
9.369369369369369593e+00,-5.006495063595744455e+01
9.379379379379379600e+00,-4.990469043455721732e+01
9.389389389389389606e+00,-4.974601655392625332e+01
9.399399399399399613e+00,-4.958897867306126273e+01
9.409409409409409619e+00,-4.943362479617128713e+01
9.419419419419419626e+00,-4.928000134571770019e+01
9.429429429429429632e+00,-4.912815325243882114e+01
9.439439439439439639e+00,-4.897812404231114414e+01
9.449449449449449645e+00,-4.882995592039101496e+01
9.459459459459459651e+00,-4.868368985147303363e+01
9.469469469469469658e+00,-4.853936563749846300e+01
9.479479479479479664e+00,-4.839702199164155871e+01
9.489489489489489671e+00,-4.825669660899919222e+01
9.499499499499499677e+00,-4.811842623380923811e+01
9.509509509509509684e+00,-4.798224672312107231e+01
9.519519519519519690e+00,-4.784819310684535765e+01
9.529529529529529697e+00,-4.771629964411097546e+01
9.539539539539539703e+00,-4.758659987586219842e+01
9.549549549549549710e+00,-4.745912667363463555e+01
9.559559559559559716e+00,-4.733391228445463383e+01
9.569569569569569722e+00,-4.721098837181512664e+01
9.579579579579579729e+00,-4.709038605269050493e+01
9.589589589589589735e+00,-4.697213593056333281e+01
9.599599599599599742e+00,-4.685626812444670719e+01
9.609609609609609748e+00,-4.674281229389981718e+01
9.619619619619619755e+00,-4.663179766004670768e+01
9.629629629629629761e+00,-4.652325302262307360e+01
9.639639639639639768e+00,-4.641720677309128718e+01
9.649649649649649774e+00,-4.631368690387832032e+01
9.659659659659659781e+00,-4.621272101380894526e+01
9.669669669669669787e+00,-4.611433630982135412e+01
9.679679679679679793e+00,-4.601855960506963328e+01
9.689689689689689800e+00,-4.592541731353432510e+01
9.699699699699699806e+00,-4.583493544127706087e+01
9.709709709709709813e+00,-4.574713957449324653e+01
9.719719719719719819e+00,-4.566205486452997775e+01
9.729729729729729826e+00,-4.557970601005326472e+01
9.739739739739739832e+00,-4.550011723656013629e+01
9.749749749749749839e+00,-4.542331227344653399e+01
9.759759759759759845e+00,-4.534931432885208125e+01
9.769769769769769852e+00,-4.527814606251377683e+01
9.779779779779779858e+00,-4.520982955687026816e+01
9.789789789789789864e+00,-4.514438628666641051e+01
9.799799799799799871e+00,-4.508183708731283446e+01
9.809809809809809877e+00,-4.502220212226190910e+01
9.819819819819819884e+00,-4.496550084966298044e+01
9.829829829829829890e+00,-4.491175198856212347e+01
9.839839839839839897e+00,-4.486097348491168901e+01
9.849849849849849903e+00,-4.481318247765156570e+01
9.859859859859859910e+00,-4.476839526512279122e+01
9.869869869869869916e+00,-4.472662727206719069e+01
9.879879879879879923e+00,-4.468789301746053866e+01
9.889889889889889929e+00,-4.465220608341867603e+01
9.899899899899899935e+00,-4.461957908540644269e+01
9.909909909909909942e+00,-4.459002364396711471e+01
9.919919919919919948e+00,-4.456355035817852439e+01
9.929929929929929955e+00,-4.454016878102858357e+01
9.939939939939939961e+00,-4.451988739688655272e+01
9.949949949949949968e+00,-4.450271360123255704e+01
9.959959959959959974e+00,-4.448865368278928401e+01
9.969969969969969981e+00,-4.447771280818361106e+01
9.979979979979979987e+00,-4.446989500924630789e+01
9.989989989989989994e+00,-4.446520317304013048e+01
1.000000000000000000e+01,-4.446363903468628109e+01
