0.000000000000000000e+00,1.436836422027345239e-01
1.001001001001000992e-02,1.462108037030708518e-01
2.002002002002001985e-02,1.537922882040799188e-01
3.003003003003002977e-02,1.664280957057616972e-01
4.004004004004003969e-02,1.841182262081161869e-01
5.005005005005004615e-02,2.068626797111433879e-01
6.006006006006005954e-02,2.346614562148432725e-01
7.007007007007007293e-02,2.675145557192159518e-01
8.008008008008007939e-02,3.054219782242612036e-01
9.009009009009008584e-02,3.483837237299791667e-01
1.001001001001000923e-01,3.963997922363699522e-01
1.101101101101101126e-01,4.494701837434335046e-01
1.201201201201201191e-01,5.075948982511695462e-01
1.301301301301301394e-01,5.707739357595783547e-01
1.401401401401401459e-01,6.390072962686601521e-01
1.501501501501501523e-01,7.122949797784143833e-01
1.601601601601601588e-01,7.906369862888413813e-01
1.701701701701701652e-01,8.740333157999408131e-01
1.801801801801801717e-01,9.624839683117132338e-01
1.901901901901901781e-01,1.055988943824158532e+00
2.002002002002001846e-01,1.154548242337276154e+00
2.102102102102102188e-01,1.258161863851066764e+00
2.202202202202202252e-01,1.366829808365530363e+00
2.302302302302302317e-01,1.480552075880666063e+00
2.402402402402402382e-01,1.599328666396474752e+00
2.502502502502502724e-01,1.723159579912955985e+00
2.602602602602602788e-01,1.852044816430109986e+00
2.702702702702702853e-01,1.985984375947936753e+00
2.802802802802802917e-01,2.124978258466437175e+00
2.902902902902902982e-01,2.269026463985609254e+00
3.003003003003003046e-01,2.418128992505454100e+00
3.103103103103103111e-01,2.572285844025971269e+00
3.203203203203203175e-01,2.731497018547161648e+00
3.303303303303303240e-01,2.895762516069024350e+00
3.403403403403403304e-01,3.065082336591559820e+00
3.503503503503503369e-01,3.239456480114768944e+00
3.603603603603603434e-01,3.418884946638649058e+00
3.703703703703703498e-01,3.603367736163204604e+00
3.803803803803803563e-01,3.792904848688431141e+00
3.903903903903903627e-01,3.987496284214330000e+00
4.004004004004003692e-01,4.187142042740901182e+00
4.104104104104104311e-01,4.391842124268146463e+00
4.204204204204204376e-01,4.601596528796063623e+00
4.304304304304304440e-01,4.816405256324653550e+00
4.404404404404404505e-01,5.036268306853917132e+00
4.504504504504504570e-01,5.261185680383852592e+00
4.604604604604604634e-01,5.491157376914460819e+00
4.704704704704704699e-01,5.726183396445740925e+00
4.804804804804804763e-01,5.966263738977695574e+00
4.904904904904904828e-01,6.211398404510322102e+00
5.005005005005005447e-01,6.461587393043619620e+00
5.105105105105105512e-01,6.716830704577592570e+00
5.205205205205205576e-01,6.977128339112235622e+00
5.305305305305305641e-01,7.242480296647554106e+00
5.405405405405405705e-01,7.512886577183543579e+00
5.505505505505505770e-01,7.788347180720206708e+00
5.605605605605605835e-01,8.068862107257544380e+00
5.705705705705705899e-01,8.354431356795551267e+00
5.805805805805805964e-01,8.645054929334232696e+00
5.905905905905906028e-01,8.940732824873585116e+00
6.006006006006006093e-01,9.241363956953598802e+00
6.106106106106106157e-01,9.543612472393826707e+00
6.206206206206206222e-01,9.845860987834054612e+00
6.306306306306306286e-01,1.014810950327428252e+01
6.406406406406406351e-01,1.045035801871451042e+01
6.506506506506506415e-01,1.075260653415473833e+01
6.606606606606606480e-01,1.105485504959496623e+01
6.706706706706706544e-01,1.135710356503519236e+01
6.806806806806806609e-01,1.165935208047542204e+01
6.906906906906906674e-01,1.196160059591564995e+01
7.007007007007006738e-01,1.226384911135587785e+01
7.107107107107106803e-01,1.256609762679610398e+01
7.207207207207206867e-01,1.286834614223633366e+01
7.307307307307306932e-01,1.317059465767656512e+01
7.407407407407406996e-01,1.347284317311679303e+01
7.507507507507507061e-01,1.377509168855701915e+01
7.607607607607607125e-01,1.407734020399724706e+01
7.707707707707707190e-01,1.437958871943747674e+01
7.807807807807807254e-01,1.468183723487770287e+01
7.907907907907907319e-01,1.498408575031793255e+01
8.008008008008007383e-01,1.528633426575815868e+01
8.108108108108108558e-01,1.558858278119838658e+01
8.208208208208208623e-01,1.589083129663861627e+01
8.308308308308308687e-01,1.619307981207884239e+01
8.408408408408408752e-01,1.649532832751906852e+01
8.508508508508508816e-01,1.679757684295929820e+01
8.608608608608608881e-01,1.709982535839952433e+01
8.708708708708708945e-01,1.740207387383975401e+01
8.808808808808809010e-01,1.770432238927998725e+01
8.908908908908909074e-01,1.800657090472021338e+01
9.009009009009009139e-01,1.830881942016044306e+01
9.109109109109109204e-01,1.861106793560066919e+01
9.209209209209209268e-01,1.891331645104089532e+01
9.309309309309309333e-01,1.921556496648112500e+01
9.409409409409409397e-01,1.951781348192135113e+01
9.509509509509509462e-01,1.982006199736157726e+01
9.609609609609609526e-01,2.012231051280180694e+01
9.709709709709709591e-01,2.042455902824203662e+01
9.809809809809809655e-01,2.072680754368226630e+01
9.909909909909909720e-01,2.102905605912249243e+01
1.001001001001001089e+00,2.133130457456271856e+01
1.011011011011011096e+00,2.163355309000294824e+01
1.021021021021021102e+00,2.193580160544317437e+01
1.031031031031031109e+00,2.223805012088340050e+01
1.041041041041041115e+00,2.254029863632363018e+01
1.051051051051051122e+00,2.284254715176385986e+01
1.061061061061061128e+00,2.314479566720408599e+01
1.071071071071071135e+00,2.344704418264431567e+01
1.081081081081081141e+00,2.374929269808454180e+01
1.091091091091091148e+00,2.405154121352476793e+01
1.101101101101101154e+00,2.435378972896499761e+01
1.111111111111111160e+00,2.465603824440522374e+01
1.121121121121121167e+00,2.495828675984546052e+01
1.131131131131131173e+00,2.526053527528568665e+01
1.141141141141141180e+00,2.556278379072591278e+01
1.151151151151151186e+00,2.586503230616614601e+01
1.161161161161161193e+00,2.616728082160637214e+01
1.171171171171171199e+00,2.646952933704659827e+01
1.181181181181181206e+00,2.677177785248682795e+01
1.191191191191191212e+00,2.707402636792705408e+01
1.201201201201201219e+00,2.737627488336728376e+01
1.211211211211211225e+00,2.767852339880750989e+01
1.221221221221221231e+00,2.798077191424773602e+01
1.231231231231231238e+00,2.828302042968796570e+01
1.241241241241241244e+00,2.858526894512819538e+01
1.251251251251251251e+00,2.888751746056842151e+01
1.261261261261261257e+00,2.918976597600865119e+01
1.271271271271271264e+00,2.949201449144888088e+01
1.281281281281281270e+00,2.979426300688910345e+01
1.291291291291291277e+00,3.009651152232933313e+01
1.301301301301301283e+00,3.039876003776956281e+01
1.311311311311311290e+00,3.070100855320978894e+01
1.321321321321321296e+00,3.100325706865001862e+01
1.331331331331331302e+00,3.130550558409024831e+01
1.341341341341341309e+00,3.160775409953047088e+01
1.351351351351351315e+00,3.191000261497070056e+01
1.361361361361361322e+00,3.221225113041092669e+01
1.371371371371371328e+00,3.251449964585115282e+01
1.381381381381381335e+00,3.281674816129138605e+01
1.391391391391391341e+00,3.311899667673161218e+01
1.401401401401401348e+00,3.342124519217183831e+01
1.411411411411411354e+00,3.372349370761206444e+01
1.421421421421421361e+00,3.402574222305229767e+01
1.431431431431431367e+00,3.432799073849251670e+01
1.441441441441441373e+00,3.463023925393274993e+01
1.451451451451451380e+00,3.493248776937298317e+01
1.461461461461461386e+00,3.523473628481321640e+01
1.471471471471471393e+00,3.553698480025344253e+01
1.481481481481481399e+00,3.583923331569366866e+01
1.491491491491491406e+00,3.614148183113390189e+01
1.501501501501501412e+00,3.644373034657412092e+01
1.511511511511511419e+00,3.674597886201435415e+01
1.521521521521521425e+00,3.704822737745458028e+01
1.531531531531531432e+00,3.735047589289480641e+01
1.541541541541541438e+00,3.765272440833503254e+01
1.551551551551551444e+00,3.795497292377526577e+01
1.561561561561561451e+00,3.825722143921549190e+01
1.571571571571571457e+00,3.855946995465571803e+01
1.581581581581581464e+00,3.886171847009595126e+01
1.591591591591591470e+00,3.916396698553617028e+01
1.601601601601601477e+00,3.946621550097640352e+01
1.611611611611611705e+00,3.976846401641662965e+01
1.621621621621621712e+00,4.007071253185685578e+01
1.631631631631631718e+00,4.037296104729708901e+01
1.641641641641641725e+00,4.067520956273731514e+01
1.651651651651651731e+00,4.097745807817754127e+01
1.661661661661661737e+00,4.127970659361776740e+01
1.671671671671671744e+00,4.158195510905800063e+01
1.681681681681681750e+00,4.188420362449822676e+01
1.691691691691691757e+00,4.218645213993845289e+01
1.701701701701701763e+00,4.248870065537867902e+01
1.711711711711711770e+00,4.279094917081891225e+01
1.721721721721721776e+00,4.309319768625913838e+01
1.731731731731731783e+00,4.339544620169936451e+01
1.741741741741741789e+00,4.369769471713959774e+01
1.751751751751751796e+00,4.399994323257981677e+01
1.761761761761761802e+00,4.430219174802005710e+01
1.771771771771771808e+00,4.460444026346028323e+01
1.781781781781781815e+00,4.490668877890050936e+01
1.791791791791791821e+00,4.520893729434073549e+01
1.801801801801801828e+00,4.551118580978096873e+01
1.811811811811811834e+00,4.581343432522119485e+01
1.821821821821821841e+00,4.611568284066142098e+01
1.831831831831831847e+00,4.641793135610165422e+01
1.841841841841841854e+00,4.672017987154187324e+01
1.851851851851851860e+00,4.702242838698210647e+01
1.861861861861861867e+00,4.732467690242233260e+01
1.871871871871871873e+00,4.762692541786255873e+01
1.881881881881881879e+00,4.792917393330278486e+01
1.891891891891891886e+00,4.823142244874301809e+01
1.901901901901901892e+00,4.853367096418324422e+01
1.911911911911911899e+00,4.883591947962347035e+01
1.921921921921921905e+00,4.913816799506370359e+01
1.931931931931931912e+00,4.944041651050392971e+01
1.941941941941941918e+00,4.974266502594415584e+01
1.951951951951951925e+00,5.004491354138438197e+01
1.961961961961961931e+00,5.034716205682461521e+01
1.971971971971971938e+00,5.064941057226483423e+01
1.981981981981981944e+00,5.095165908770506746e+01
1.991991991991991950e+00,5.125390760314530070e+01
2.002002002002002179e+00,5.155615611858551972e+01
2.012012012012012185e+00,5.185840463402576006e+01
2.022022022022022192e+00,5.216065314946597908e+01
2.032032032032032198e+00,5.246290166490621232e+01
2.042042042042042205e+00,5.276515018034643134e+01
2.052052052052052211e+00,5.306739869578667168e+01
2.062062062062062218e+00,5.336964721122689070e+01
2.072072072072072224e+00,5.367189572666712394e+01
2.082082082082082231e+00,5.397414424210735007e+01
2.092092092092092237e+00,5.427639275754758330e+01
2.102102102102102243e+00,5.457864127298780232e+01
2.112112112112112250e+00,5.488088978842803556e+01
2.122122122122122256e+00,5.518313830386826169e+01
2.132132132132132263e+00,5.548538681930848782e+01
2.142142142142142269e+00,5.578763533474871394e+01
2.152152152152152276e+00,5.608988385018894718e+01
2.162162162162162282e+00,5.639213236562916620e+01
2.172172172172172289e+00,5.669438088106940654e+01
2.182182182182182295e+00,5.699662939650962556e+01
2.192192192192192302e+00,5.729887791194985880e+01
2.202202202202202308e+00,5.760112642739007072e+01
2.212212212212212314e+00,5.790337494283030395e+01
2.222222222222222321e+00,5.820562345827053008e+01
2.232232232232232327e+00,5.850787197371076331e+01
2.242242242242242334e+00,5.881012048915099655e+01
2.252252252252252340e+00,5.911236900459122268e+01
2.262262262262262347e+00,5.941461752003145591e+01
2.272272272272272353e+00,5.971686603547166783e+01
2.282282282282282360e+00,6.001911455091190817e+01
2.292292292292292366e+00,6.032136306635212719e+01
2.302302302302302373e+00,6.062361158179235332e+01
2.312312312312312379e+00,6.092586009723257945e+01
2.322322322322322385e+00,6.122810861267282689e+01
2.332332332332332392e+00,6.153035712811304592e+01
2.342342342342342398e+00,6.183260564355327205e+01
2.352352352352352405e+00,6.213485415899349817e+01
2.362362362362362411e+00,6.243710267443374562e+01
2.372372372372372418e+00,6.273935118987395754e+01
2.382382382382382424e+00,6.304159970531417656e+01
2.392392392392392431e+00,6.334384822075440269e+01
2.402402402402402437e+00,6.364447935283443769e+01
2.412412412412412444e+00,6.394015724837377945e+01
2.422422422422422450e+00,6.423078082091247154e+01
2.432432432432432456e+00,6.451635007045047132e+01
2.442442442442442463e+00,6.479686499698780722e+01
2.452452452452452469e+00,6.507232560052446502e+01
2.462462462462462476e+00,6.534273188106047314e+01
2.472472472472472482e+00,6.560808383859577475e+01
2.482482482482482489e+00,6.586838147313042668e+01
2.492492492492492495e+00,6.612362478466438631e+01
2.502502502502502502e+00,6.637381377319769626e+01
2.512512512512512508e+00,6.661894843873032812e+01
2.522522522522522515e+00,6.685902878126228188e+01
2.532532532532532521e+00,6.709405480079355755e+01
2.542542542542542527e+00,6.732402649732416933e+01
2.552552552552552534e+00,6.754894387085408880e+01
2.562562562562562540e+00,6.776880692138337281e+01
2.572572572572572547e+00,6.798361564891196451e+01
2.582582582582582553e+00,6.819337005343986391e+01
2.592592592592592560e+00,6.839807013496711363e+01
2.602602602602602566e+00,6.859771589349368526e+01
2.612612612612612573e+00,6.879230732901959300e+01
2.622622622622622579e+00,6.898184444154480843e+01
2.632632632632632586e+00,6.916632723106937419e+01
2.642642642642642592e+00,6.934575569759324765e+01
2.652652652652652598e+00,6.952012984111645721e+01
2.662662662662662605e+00,6.968944966163900290e+01
2.672672672672672611e+00,6.985371515916085627e+01
2.682682682682682618e+00,7.001292633368204577e+01
2.692692692692692624e+00,7.016708318520255716e+01
2.702702702702702631e+00,7.031618571372240467e+01
2.712712712712712637e+00,7.046023391924158830e+01
2.722722722722722644e+00,7.059922780176007961e+01
2.732732732732732650e+00,7.073316736127790705e+01
2.742742742742742657e+00,7.086205259779507060e+01
2.752752752752752663e+00,7.098588351131154184e+01
2.762762762762762669e+00,7.110466010182734919e+01
2.772772772772772676e+00,7.121838236934247846e+01
2.782782782782782682e+00,7.132705031385694383e+01
2.792792792792792689e+00,7.143066393537073111e+01
2.802802802802802695e+00,7.152922323388385450e+01
2.812812812812812702e+00,7.162272820939629980e+01
2.822822822822822708e+00,7.171117886190806701e+01
2.832832832832832715e+00,7.179457519141917032e+01
2.842842842842842721e+00,7.187291719792959555e+01
2.852852852852852727e+00,7.194620488143935688e+01
2.862862862862862734e+00,7.201443824194844012e+01
2.872872872872872740e+00,7.207761727945684527e+01
2.882882882882882747e+00,7.213574199396457232e+01
2.892892892892892753e+00,7.218881238547164969e+01
2.902902902902902760e+00,7.223682845397803476e+01
2.912912912912912766e+00,7.227979019948375594e+01
2.922922922922922773e+00,7.231769762198879903e+01
2.932932932932932779e+00,7.235055072149316402e+01
2.942942942942942786e+00,7.237834949799687934e+01
2.952952952952952792e+00,7.240109395149990235e+01
2.962962962962962798e+00,7.241878408200226147e+01
2.972972972972972805e+00,7.243141988950392829e+01
2.982982982982982811e+00,7.243900137400494543e+01
2.992992992992992818e+00,7.244152853550528448e+01
3.003003003003002824e+00,7.244152853550528448e+01
3.013013013013012831e+00,7.243745946826489046e+01
3.023023023023022837e+00,7.242525350696617181e+01
3.033033033033032844e+00,7.240491438142053937e+01
3.043043043043042850e+00,7.237644833647500775e+01
3.053053053053052857e+00,7.233986417480490161e+01
3.063063063063062863e+00,7.229517331692527193e+01
3.073073073073072869e+00,7.224238987852069727e+01
3.083083083083082876e+00,7.218153076522023071e+01
3.093093093093092882e+00,7.211261578496987568e+01
3.103103103103102889e+00,7.203566777817745503e+01
3.113113113113112895e+00,7.195071276582717701e+01
3.123123123123122902e+00,7.185778011577889401e+01
3.133133133133132908e+00,7.175690272748306597e+01
3.143143143143142915e+00,7.164811723535427745e+01
3.153153153153152921e+00,7.153146423105413021e+01
3.163163163163162928e+00,7.140698850493667749e+01
3.173173173173172934e+00,7.127473930690848647e+01
3.183183183183182940e+00,7.113477062694553865e+01
3.193193193193192947e+00,7.098714149549464025e+01
3.203203203203202953e+00,7.083191630396279947e+01
3.213213213213213404e+00,7.066916514546699091e+01
3.223223223223223410e+00,7.049896417597322795e+01
3.233233233233233417e+00,7.032139599590183821e+01
3.243243243243243423e+00,7.013655005220984151e+01
3.253253253253253430e+00,6.994452306088197702e+01
3.263263263263263436e+00,6.974541944966796336e+01
3.273273273273273443e+00,6.953935182079207777e+01
3.283283283283283449e+00,6.932644143323156527e+01
3.293293293293293456e+00,6.910681870401056415e+01
3.303303303303303462e+00,6.888062372778350095e+01
3.313313313313313468e+00,6.864800681378622471e+01
3.323323323323323475e+00,6.840912903900969866e+01
3.333333333333333481e+00,6.816416281619994777e+01
3.343343343343343488e+00,6.791329247500621591e+01
3.353353353353353494e+00,6.765671485428343601e+01
3.363363363363363501e+00,6.739463990320668074e+01
3.373373373373373507e+00,6.712729128846642368e+01
3.383383383383383514e+00,6.685490700438883493e+01
3.393393393393393520e+00,6.657773998235761326e+01
3.403403403403403527e+00,6.629605869540621654e+01
3.413413413413413533e+00,6.601014775329750250e+01
3.423423423423423539e+00,6.572030848281453075e+01
3.433433433433433546e+00,6.542685948734992962e+01
3.443443443443443552e+00,6.513013717920503609e+01
3.453453453453453559e+00,6.483049627729613462e+01
3.463463463463463565e+00,6.452831026221798538e+01
3.473473473473473572e+00,6.422397177984016992e+01
3.483483483483483578e+00,6.391789298381964812e+01
3.493493493493493585e+00,6.361050580660963050e+01
3.503503503503503591e+00,6.330226214774872062e+01
3.513513513513513598e+00,6.299363396743713395e+01
3.523523523523523604e+00,6.268511327267019340e+01
3.533533533533533610e+00,6.237721198252508259e+01
3.543543543543543617e+00,6.207046165861328291e+01
3.553553553553553623e+00,6.176541308624514670e+01
3.563563563563563630e+00,6.146263569154375972e+01
3.573573573573573636e+00,6.116271677962542697e+01
3.583583583583583643e+00,6.086626057907916731e+01
3.593593593593593649e+00,6.057388707836697250e+01
3.603603603603603656e+00,6.028632566876623855e+01
3.613613613613613662e+00,6.000723685907107097e+01
3.623623623623623669e+00,5.973833402619163024e+01
3.633633633633633675e+00,5.947974426051981567e+01
3.643643643643643681e+00,5.923158154143556686e+01
3.653653653653653688e+00,5.899394626534820674e+01
3.663663663663663694e+00,5.876692481389776646e+01
3.673673673673673701e+00,5.855058916601652896e+01
3.683683683683683707e+00,5.834499655732489032e+01
3.693693693693693714e+00,5.815018919005535025e+01
3.703703703703703720e+00,5.796619399637292958e+01
3.713713713713713727e+00,5.779302245758768208e+01
3.723723723723723733e+00,5.763067048134195858e+01
3.733733733733733740e+00,5.747911833840502283e+01
3.743743743743743746e+00,5.733833066022859271e+01
3.753753753753753752e+00,5.720825649791323997e+01
3.763763763763763759e+00,5.708882944271687165e+01
3.773773773773773765e+00,5.697996780770983349e+01
3.783783783783783772e+00,5.688157486965303633e+01
3.793793793793793778e+00,5.679353916965798277e+01
3.803803803803803785e+00,5.671573487068444308e+01
3.813813813813813791e+00,5.664802216945376756e+01
3.823823823823823798e+00,5.659024775990852874e+01
3.833833833833833804e+00,5.654224534494073140e+01
3.843843843843843811e+00,5.650383619274542468e+01
3.853853853853853817e+00,5.647482973383970517e+01
3.863863863863863823e+00,5.645502419452228793e+01
3.873873873873873830e+00,5.644420726233895635e+01
3.883883883883883836e+00,5.644215677896513483e+01
3.893893893893893843e+00,5.644864145581931325e+01
3.903903903903903849e+00,5.646342160767946439e+01
3.913913913913913856e+00,5.648624989958694442e+01
3.923923923923923862e+00,5.651687210238510772e+01
3.933933933933933869e+00,5.655502785235278651e+01
3.943943943943943875e+00,5.660045141054644091e+01
3.953953953953953881e+00,5.665287241765977200e+01
3.963963963963963888e+00,5.671201664043774571e+01
3.973973973973973894e+00,5.677760670593919201e+01
3.983983983983983901e+00,5.684936282022177778e+01
3.993993993993993907e+00,5.692700346832283742e+01
4.004004004004004358e+00,5.701024609271911459e+01
4.014014014014014364e+00,5.709880774776849677e+01
4.024024024024024371e+00,5.719240572795747823e+01
4.034034034034034377e+00,5.729075816809950084e+01
4.044044044044044384e+00,5.739358461394277811e+01
4.054054054054054390e+00,5.750060656195373809e+01
4.064064064064064397e+00,5.761154796733592320e+01
4.074074074074074403e+00,5.772613571962388335e+01
4.084084084084084409e+00,5.784410008545581405e+01
4.094094094094094416e+00,5.796517511837377867e+01
4.104104104104104422e+00,5.808909903572775590e+01
4.114114114114114429e+00,5.821561456296535653e+01
4.124124124124124435e+00,5.834446924577691362e+01
4.134134134134134442e+00,5.847541573073068122e+01
4.144144144144144448e+00,5.860821201518051993e+01
4.154154154154154455e+00,5.874262166735372404e+01
4.164164164164164461e+00,5.887841401763587612e+01
4.174174174174174468e+00,5.901536432215887373e+01
4.184184184184184474e+00,5.915325389987120275e+01
4.194194194194194480e+00,5.929187024432714992e+01
4.204204204204204487e+00,5.943100711147314286e+01
4.214214214214214493e+00,5.957046458473887185e+01
4.224224224224224500e+00,5.971004911875716914e+01
4.234234234234234506e+00,5.984957356304125398e+01
4.244244244244244513e+00,5.998885716694407932e+01
4.254254254254254519e+00,6.012772556721097317e+01
4.264264264264264526e+00,6.026601075941476893e+01
4.274274274274274532e+00,6.040355105453615181e+01
4.284284284284284539e+00,6.054019102191738710e+01
4.294294294294294545e+00,6.067578141977978845e+01
4.304304304304304551e+00,6.081017911445363922e+01
4.314314314314314558e+00,6.094324698942345009e+01
4.324324324324324564e+00,6.107485384524426308e+01
4.334334334334334571e+00,6.120487429133552126e+01
4.344344344344344577e+00,6.133318863060819126e+01
4.354354354354354584e+00,6.145968273783051927e+01
4.364364364364364590e+00,6.158424793258556207e+01
4.374374374374374597e+00,6.170678084762315763e+01
4.384384384384384603e+00,6.182718329335914120e+01
4.394394394394394610e+00,6.194536211922314806e+01
4.404404404404404616e+00,6.206122907251039322e+01
4.414414414414414622e+00,6.217470065534257628e+01
4.424424424424424629e+00,6.228569798030066806e+01
4.434434434434434635e+00,6.239414662524519173e+01
4.444444444444444642e+00,6.249997648779947212e+01
4.454454454454454648e+00,6.260312163992890078e+01
4.464464464464464655e+00,6.270352018301272068e+01
4.474474474474474661e+00,6.280111410376559888e+01
4.484484484484484668e+00,6.289584913133286648e+01
4.494494494494494674e+00,6.298767459585032924e+01
4.504504504504504681e+00,6.307654328872722260e+01
4.514514514514514687e+00,6.316241132488282517e+01
4.524524524524524693e+00,6.324523800713876653e+01
4.534534534534534700e+00,6.332498569294457269e+01
4.544544544544544706e+00,6.340161966358851231e+01
4.554554554554554713e+00,6.347510799602449794e+01
4.564564564564564719e+00,6.354542143742492044e+01
4.574574574574574726e+00,6.361253328254973383e+01
4.584584584584584732e+00,6.367641925400484126e+01
4.594594594594594739e+00,6.373705738544603605e+01
4.604604604604604745e+00,6.379442790776947447e+01
4.614614614614614752e+00,6.384851313831769914e+01
4.624624624624624758e+00,6.389929737311459945e+01
4.634634634634634764e+00,6.394676678213411236e+01
4.644644644644644771e+00,6.399090930759535922e+01
4.654654654654654777e+00,6.403171456526808925e+01
4.664664664664664784e+00,6.406917374876380222e+01
4.674674674674674790e+00,6.410327953677982293e+01
4.684684684684684797e+00,6.413402600325767366e+01
4.694694694694694803e+00,6.416140853040997172e+01
4.704704704704704810e+00,6.418542372456509781e+01
4.714714714714714816e+00,6.420606933477449729e+01
4.724724724724724823e+00,6.422334417412275798e+01
4.734734734734734829e+00,6.423724804367674324e+01
4.744744744744744835e+00,6.424778165900814031e+01
4.754754754754754842e+00,6.425494657921916541e+01
4.764764764764764848e+00,6.425874513840096824e+01
4.774774774774774855e+00,6.425918037945061201e+01
4.784784784784784861e+00,6.425625599017196521e+01
4.794794794794794868e+00,6.424997624158399390e+01
4.804804804804804874e+00,6.424034592835981528e+01
4.814814814814814881e+00,6.422737031131740082e+01
4.824824824824824887e+00,6.421105506188439449e+01
4.834834834834834894e+00,6.419140620845712419e+01
4.844844844844844900e+00,6.416843008457567521e+01
4.854854854854854906e+00,6.414213327883437898e+01
4.864864864864864913e+00,6.411252258644987023e+01
4.874874874874874919e+00,6.407960496240612258e+01
4.884884884884884926e+00,6.404338747609921256e+01
4.894894894894894932e+00,6.400387726740105165e+01
4.904904904904904939e+00,6.396108150406584514e+01
4.914914914914914945e+00,6.391500734039912857e+01
4.924924924924924952e+00,6.386566187711294162e+01
4.934934934934934958e+00,6.381305212228885893e+01
4.944944944944944965e+00,6.375718495337189040e+01
4.954954954954954971e+00,6.369806708011767427e+01
4.964964964964964977e+00,6.363570500841674260e+01
4.974974974974974984e+00,6.357010500491794858e+01
4.984984984984984990e+00,6.350127306237500591e+01
4.994994994994994997e+00,6.342921486563852085e+01
5.005005005005005003e+00,6.335393575821651524e+01
5.015015015015015010e+00,6.327544070932530929e+01
5.025025025025025016e+00,6.319373428135333626e+01
5.035035035035035023e+00,6.310882059765801699e+01
5.045045045045045029e+00,6.302070331061678132e+01
5.055055055055055035e+00,6.292938556985087217e+01
5.065065065065065042e+00,6.283486999054009203e+01
5.075075075075075048e+00,6.273715862174490354e+01
5.085085085085085055e+00,6.263625291465022116e+01
5.095095095095095061e+00,6.253215369064393059e+01
5.105105105105105068e+00,6.242486110914005337e+01
5.115115115115115074e+00,6.231437463505420027e+01
5.125125125125125081e+00,6.220069300583596572e+01
5.135135135135135087e+00,6.208381419795932743e+01
5.145145145145145094e+00,6.196373539276846287e+01
5.155155155155155100e+00,6.184045294157166239e+01
5.165165165165165106e+00,6.171396232987206076e+01
5.175175175175175113e+00,6.158425814061745029e+01
5.185185185185185119e+00,6.145133401634677739e+01
5.195195195195195126e+00,6.131518262010255427e+01
5.205205205205205132e+00,6.117579559497341535e+01
5.215215215215215139e+00,6.103316352212038964e+01
5.225225225225225145e+00,6.088727587713342615e+01
5.235235235235235152e+00,6.073812098455371000e+01
5.245245245245245158e+00,6.058568597038635062e+01
5.255255255255255165e+00,6.042995671241628486e+01
5.265265265265265171e+00,6.027091778812555134e+01
5.275275275275275177e+00,6.010855241999720988e+01
5.285285285285285184e+00,5.994284241797146251e+01
5.295295295295295190e+00,5.977376811880458263e+01
5.305305305305305197e+00,5.960130832205751261e+01
5.315315315315315203e+00,5.942544022242122992e+01
5.325325325325325210e+00,5.924613933805864008e+01
5.335335335335335216e+00,5.906337943461590356e+01
5.345345345345345223e+00,5.887713244452474015e+01
5.355355355355355229e+00,5.868736838118216070e+01
5.365365365365365236e+00,5.849405524755603381e+01
5.375375375375375242e+00,5.829715893872133137e+01
5.385385385385385248e+00,5.809664313778336719e+01
5.395395395395395255e+00,5.789246920459059709e+01
5.405405405405405261e+00,5.768571834191369163e+01
5.415415415415415268e+00,5.747876250243135132e+01
5.425425425425425274e+00,5.727181201842702052e+01
5.435435435435435281e+00,5.706500712061547631e+01
5.445445445445445287e+00,5.685848694664101544e+01
5.455455455455455294e+00,5.665238964187864923e+01
5.465465465465465300e+00,5.644685245397234041e+01
5.475475475475475307e+00,5.624201182090749285e+01
5.485485485485485313e+00,5.603800345240424718e+01
5.495495495495495319e+00,5.583496240440712199e+01
5.505505505505505326e+00,5.563302314643539859e+01
5.515515515515515332e+00,5.543231962154723647e+01
5.525525525525525339e+00,5.523298529866138296e+01
5.535535535535535345e+00,5.503515321696919216e+01
5.545545545545545352e+00,5.483895602216264109e+01
5.555555555555555358e+00,5.464452599419782786e+01
5.565565565565565365e+00,5.445199506630765285e+01
5.575575575575575371e+00,5.426149483497701453e+01
5.585585585585585378e+00,5.407315656059357423e+01
5.595595595595595384e+00,5.388711115849238809e+01
5.605605605605605390e+00,5.370348918012019368e+01
5.615615615615615397e+00,5.352242078405790693e+01
5.625625625625625403e+00,5.334403569665634848e+01
5.635635635635635410e+00,5.316846316206223833e+01
5.645645645645645416e+00,5.299583188144018209e+01
5.655655655655655423e+00,5.282626994122685460e+01
5.665665665665665429e+00,5.265990473029692254e+01
5.675675675675675436e+00,5.249686284596175057e+01
5.685685685685685442e+00,5.233726998877732228e+01
5.695695695695695449e+00,5.218125084619576626e+01
5.705705705705705455e+00,5.202892896516004129e+01
5.715715715715715461e+00,5.188042661381422960e+01
5.725725725725725468e+00,5.173586463257974088e+01
5.735735735735735474e+00,5.159536227493260441e+01
5.745745745745745481e+00,5.145903703830709475e+01
5.755755755755755487e+00,5.132700448564351348e+01
5.765765765765765494e+00,5.119937805819935761e+01
5.775775775775775500e+00,5.107626888034114643e+01
5.785785785785785507e+00,5.095778555713857827e+01
5.795795795795795513e+00,5.084403396568482236e+01
5.805805805805805520e+00,5.073511704116881305e+01
5.815815815815815526e+00,5.063113455882259473e+01
5.825825825825825532e+00,5.053218291296332865e+01
5.835835835835835539e+00,5.043835489443284104e+01
5.845845845845845545e+00,5.034973946782024967e+01
5.855855855855855552e+00,5.026642154991879607e+01
5.865865865865865558e+00,5.018848179092557871e+01
5.875875875875875565e+00,5.011599635993482593e+01
5.885885885885885571e+00,5.004903673630089145e+01
5.895895895895895578e+00,4.998766950845850232e+01
5.905905905905905584e+00,4.993195618177677630e+01
5.915915915915915591e+00,4.988195299699808771e+01
5.925925925925925597e+00,4.983771076076312312e+01
5.935935935935935603e+00,4.979927468965695425e+01
5.945945945945945610e+00,4.976668426912397791e+01
5.955955955955955616e+00,4.973997312849331820e+01
5.965965965965965623e+00,4.971916893323043496e+01
5.975975975975975629e+00,4.970429329539255292e+01
5.985985985985985636e+00,4.969536170310615830e+01
5.995995995995995642e+00,4.969238346972027642e+01
6.006006006006005649e+00,4.969238346972027642e+01
6.016016016016015655e+00,4.969327686823422852e+01
6.026026026026025662e+00,4.969595682004038650e+01
6.036036036036035668e+00,4.970042259298774923e+01
6.046046046046045674e+00,4.970667296368140597e+01
6.056056056056055681e+00,4.971470621277510560e+01
6.066066066066065687e+00,4.972452011839837382e+01
6.076076076076075694e+00,4.973611194773328492e+01
6.086086086086085700e+00,4.974947844676201214e+01
6.096096096096095707e+00,4.976461582821136886e+01
6.106106106106105713e+00,4.978151975772286875e+01
6.116116116116115720e+00,4.980018533828336302e+01
6.126126126126125726e+00,4.982060709295328138e+01
6.136136136136135732e+00,4.984277894593506630e+01
6.146146146146145739e+00,4.986669420202700564e+01
6.156156156156155745e+00,4.989234552451090821e+01
6.166166166166165752e+00,4.991972491152738201e+01
6.176176176176175758e+00,4.994882367099206988e+01
6.186186186186185765e+00,4.997963239411208036e+01
6.196196196196195771e+00,5.001214092756289631e+01
6.206206206206205778e+00,5.004633834438779871e+01
6.216216216216215784e+00,5.008221291368537464e+01
6.226226226226225791e+00,5.011975206915042236e+01
6.236236236236235797e+00,5.015894237653620991e+01
6.246246246246245803e+00,5.019976950010691041e+01
6.256256256256255810e+00,5.024221816814839769e+01
6.266266266266265816e+00,5.028627213760869097e+01
6.276276276276275823e+00,5.033191415793586287e+01
6.286286286286285829e+00,5.037912593418430163e+01
6.296296296296295836e+00,5.042788808945740442e+01
6.306306306306305842e+00,5.047818012675493549e+01
6.316316316316315849e+00,5.052998039029161248e+01
6.326326326326325855e+00,5.058326602635267477e+01
6.336336336336335862e+00,5.063801294374919593e+01
6.346346346346345868e+00,5.069419577393531995e+01
6.356356356356355874e+00,5.075178783084606238e+01
6.366366366366365881e+00,5.081076107051213597e+01
6.376376376376375887e+00,5.087108605050583066e+01
6.386386386386385894e+00,5.093273188926804806e+01
6.396396396396395900e+00,5.099566622536415395e+01
6.406406406406405907e+00,5.105985517671243201e+01
6.416416416416416801e+00,5.112526329982513573e+01
6.426426426426426808e+00,5.119185354909911467e+01
6.436436436436436814e+00,5.125958723618791879e+01
6.446446446446446821e+00,5.132842398948500318e+01
6.456456456456456827e+00,5.139832171374168013e+01
6.466466466466466834e+00,5.146923654984195196e+01
6.476476476476476840e+00,5.154112283474939460e+01
6.486486486486486847e+00,5.161393306164070083e+01
6.496496496496496853e+00,5.168761784023426742e+01
6.506506506506506859e+00,5.176212585731981619e+01
6.516516516516516866e+00,5.183740383749192659e+01
6.526526526526526872e+00,5.191339650408693984e+01
6.536536536536536879e+00,5.199004654032059136e+01
6.546546546546546885e+00,5.206729455062150436e+01
6.556556556556556892e+00,5.214507902215462565e+01
6.566566566566566898e+00,5.222333628652748416e+01
6.576576576576576905e+00,5.230200048167260007e+01
6.586586586586586911e+00,5.238100351390078657e+01
6.596596596596596918e+00,5.246027502012099575e+01
6.606606606606606924e+00,5.253974233022787388e+01
6.616616616616616930e+00,5.261933042966049356e+01
6.626626626626626937e+00,5.269896192214513775e+01
6.636636636636636943e+00,5.277855699264068789e+01
6.646646646646646950e+00,5.285803337051804363e+01
6.656656656656656956e+00,5.293730629301683877e+01
6.666666666666666963e+00,5.301628846903906833e+01
6.676676676676676969e+00,5.309489004335820539e+01
6.686686686686686976e+00,5.317301856134532301e+01
6.696696696696696982e+00,5.325057893434041745e+01
6.706706706706706989e+00,5.332747340582866258e+01
6.716716716716716995e+00,5.340360151861823113e+01
6.726726726726727001e+00,5.347886008325900775e+01
6.736736736736737008e+00,5.355314314799101538e+01
6.746746746746747014e+00,5.362634197056873830e+01
6.756756756756757021e+00,5.369834499237397551e+01
6.766766766766767027e+00,5.376903781530393189e+01
6.776776776776777034e+00,5.383830318201080445e+01
6.786786786786787040e+00,5.390602096016569078e+01
6.796796796796797047e+00,5.397206813153592009e+01
6.806806806806807053e+00,5.403630295928161331e+01
6.816816816816817060e+00,5.409809895791933343e+01
6.826826826826827066e+00,5.415716422380963024e+01
6.836836836836837072e+00,5.421347138766257245e+01
6.846846846846847079e+00,5.426699363360922490e+01
6.856856856856857085e+00,5.431770472414002171e+01
6.866866866866867092e+00,5.436557902932071329e+01
6.876876876876877098e+00,5.441059156052441637e+01
6.886886886886887105e+00,5.445271800893508640e+01
6.896896896896897111e+00,5.449193478909202071e+01
6.906906906906907118e+00,5.452821908776179782e+01
6.916916916916917124e+00,5.456154891844061439e+01
6.926926926926927131e+00,5.459190318180690582e+01
6.936936936936937137e+00,5.461926173246136784e+01
6.946946946946947143e+00,5.464360545230878330e+01
6.956956956956957150e+00,5.466491633095390767e+01
6.966966966966967156e+00,5.468317755350101805e+01
6.976976976976977163e+00,5.469837359616364125e+01
6.986986986986987169e+00,5.471049033010892515e+01
6.996996996996997176e+00,5.471951513397633704e+01
7.007007007007007182e+00,5.472543701552680773e+01
7.017017017017017189e+00,5.472824674289192615e+01
7.027027027027027195e+00,5.472793698590695044e+01
7.037037037037037202e+00,5.472450246802114293e+01
7.047047047047047208e+00,5.471794012928860695e+01
7.057057057057057214e+00,5.470824930094856597e+01
7.067067067067067221e+00,5.469543189210645551e+01
7.077077077077077227e+00,5.467949258902628173e+01
7.087087087087087234e+00,5.466043906753755266e+01
7.097097097097097240e+00,5.463828221905020399e+01
7.107107107107107247e+00,5.461303639065043569e+01
7.117117117117117253e+00,5.458471963972706931e+01
7.127127127127127260e+00,5.455335400354226749e+01
7.137137137137137266e+00,5.451896578411719929e+01
7.147147147147147273e+00,5.448158584874796873e+01
7.157157157157157279e+00,5.444124994639947346e+01
7.167167167167167285e+00,5.439799904014262921e+01
7.177177177177177292e+00,5.435187965570352731e+01
7.187187187187187298e+00,5.430294424607644288e+01
7.197197197197197305e+00,5.425125157201892279e+01
7.207207207207207311e+00,5.419686709808943448e+01
7.217217217217217318e+00,5.413986340370892236e+01
7.227227227227227324e+00,5.408032060852037404e+01
7.237237237237237331e+00,5.401832681108827217e+01
7.247247247247247337e+00,5.395397853971365976e+01
7.257257257257257343e+00,5.388738121384664481e+01
7.267267267267267350e+00,5.381864961424734162e+01
7.277277277277277356e+00,5.374790835968052960e+01
7.287287287287287363e+00,5.367529238752817378e+01
7.297297297297297369e+00,5.360094743526295957e+01
7.307307307307307376e+00,5.352503051924944799e+01
7.317317317317317382e+00,5.344771040682317675e+01
7.327327327327327389e+00,5.336916807704739796e+01
7.337337337337337395e+00,5.328959716496216714e+01
7.347347347347347402e+00,5.320920438352559501e+01
7.357357357357357408e+00,5.312820991680786165e+01
7.367367367367367414e+00,5.304684777734129142e+01
7.377377377377377421e+00,5.296536611986500276e+01
7.387387387387387427e+00,5.288402750303868771e+01
7.397397397397397434e+00,5.280310909005443420e+01
7.407407407407407440e+00,5.272290277846011008e+01
7.417417417417417447e+00,5.264371524894630028e+01
7.427427427427427453e+00,5.256586792235709282e+01
7.437437437437437460e+00,5.248969681379503527e+01
7.447447447447447466e+00,5.241555227242121617e+01
7.457457457457457473e+00,5.234379859543882674e+01
7.467467467467467479e+00,5.227481350482135269e+01
7.477477477477477485e+00,5.220898747563556697e+01
7.487487487487487492e+00,5.214672290535231269e+01
7.497497497497497498e+00,5.208843311436142898e+01
7.507507507507507505e+00,5.203454116904625693e+01
7.517517517517517511e+00,5.198547852025042459e+01
7.527527527527527518e+00,5.194168345180863611e+01
7.537537537537537524e+00,5.190359933602715614e+01
7.547547547547547531e+00,5.187167269559017768e+01
7.557557557557557537e+00,5.184635107433449974e+01
7.567567567567567544e+00,5.182808072264531063e+01
7.577577577577577550e+00,5.181730410685791810e+01
7.587587587587587556e+00,5.181445725593789575e+01
7.597597597597597563e+00,5.181996696279514225e+01
7.607607607607607569e+00,5.183424786177418753e+01
7.617617617617617576e+00,5.185769940804983236e+01
7.627627627627627582e+00,5.189070278872753761e+01
7.637637637637637589e+00,5.193361779926967614e+01
7.647647647647647595e+00,5.198677972230519373e+01
7.657657657657657602e+00,5.205049624879069370e+01
7.667667667667667608e+00,5.212504448373830712e+01
7.677677677677677615e+00,5.221066808018176175e+01
7.687687687687687621e+00,5.230757454560747988e+01
7.697697697697697627e+00,5.241593276464321605e+01
7.707707707707707634e+00,5.253587078031478796e+01
7.717717717717717640e+00,5.266747387362899246e+01
7.727727727727727647e+00,5.281078297763025375e+01
7.737737737737737653e+00,5.296579345746590661e+01
7.747747747747747660e+00,5.313245428247382307e+01
7.757757757757757666e+00,5.331066761000636944e+01
7.767767767767767673e+00,5.350028879379305380e+01
7.777777777777777679e+00,5.370112682231063417e+01
7.787787787787787686e+00,5.391294518508099287e+01
7.797797797797797692e+00,5.413546315727773361e+01
7.807807807807807698e+00,5.436835748570528182e+01
7.817817817817817705e+00,5.461126445233173854e+01
7.827827827827827711e+00,5.486378228529926560e+01
7.837837837837837718e+00,5.512547388186526831e+01
7.847847847847847724e+00,5.539586980317826459e+01
7.857857857857857731e+00,5.567447149725861522e+01
7.867867867867867737e+00,5.596075470409236630e+01
7.877877877877877744e+00,5.625417299537507176e+01
7.887887887887887750e+00,5.655416140114055423e+01
7.897897897897897757e+00,5.686014007622622302e+01
7.907907907907907763e+00,5.717151796117705231e+01
7.917917917917917769e+00,5.748769639467136727e+01
7.927927927927927776e+00,5.780807263773784399e+01
7.937937937937937782e+00,5.813204327379155956e+01
7.947947947947947789e+00,5.845900745270790821e+01
7.957957957957957795e+00,5.878836995163788259e+01
7.967967967967967802e+00,5.911954402991240443e+01
7.977977977977977808e+00,5.945195406006344996e+01
7.987987987987987815e+00,5.978503792159330033e+01
7.997997997997997821e+00,6.011824914855490221e+01
8.008008008008008716e+00,6.045105882618052817e+01
8.018018018018018722e+00,6.078295723565574349e+01
8.028028028028028729e+00,6.111345524962358411e+01
8.038038038038038735e+00,6.144208548409544335e+01
8.048048048048048742e+00,6.176840321511654253e+01
8.058058058058058748e+00,6.209198707078424917e+01
8.068068068068068754e+00,6.241243951104542020e+01
8.078078078078078761e+00,6.272938710913183513e+01
8.088088088088088767e+00,6.304248064953784336e+01
8.098098098098098774e+00,6.335139505814388627e+01
8.108108108108108780e+00,6.365582918046553118e+01
8.118118118118118787e+00,6.395550542410284578e+01
8.128128128128128793e+00,6.425016928130921201e+01
8.138138138138138800e+00,6.453958874723191741e+01
8.148148148148148806e+00,6.482355364883422055e+01
8.158158158158158813e+00,6.510187489882116552e+01
8.168168168168168819e+00,6.537438368809485212e+01
8.178178178178178825e+00,6.564093062938412970e+01
8.188188188188188832e+00,6.590138486375744264e+01
8.198198198198198838e+00,6.615563314075964740e+01
8.208208208208208845e+00,6.640357888192998814e+01
8.218218218218218851e+00,6.664514123648334021e+01
8.228228228228228858e+00,6.688025413697666011e+01
8.238238238238238864e+00,6.710886536185650186e+01
8.248248248248248871e+00,6.733093561089624757e+01
8.258258258258258877e+00,6.754643759869058783e+01
8.268268268268268884e+00,6.775535517058942503e+01
8.278278278278278890e+00,6.795768244471952357e+01
8.288288288288288896e+00,6.815342298307082558e+01
8.298298298298298903e+00,6.834258899400691689e+01
8.308308308308308909e+00,6.852520056800352677e+01
8.318318318318318916e+00,6.870128494791764240e+01
8.328328328328328922e+00,6.887087583464371221e+01
8.338338338338338929e+00,6.903401272862092242e+01
8.348348348348348935e+00,6.919074030730989477e+01
8.358358358358358942e+00,6.934110783846051618e+01
8.368368368368368948e+00,6.948516862873620425e+01
8.378378378378378954e+00,6.962297950704498817e+01
8.388388388388388961e+00,6.975460034174764701e+01
8.398398398398398967e+00,6.988009359076599480e+01
8.408408408408408974e+00,6.999952388349714738e+01
8.418418418418418980e+00,7.011295763334760522e+01
8.428428428428428987e+00,7.022046267963354182e+01
8.438438438438438993e+00,7.032210795754564003e+01
8.448448448448449000e+00,7.041796319484758726e+01
8.458458458458459006e+00,7.050809863396290211e+01
8.468468468468469013e+00,7.059258477810449506e+01
8.478478478478479019e+00,7.067149216011144119e+01
8.488488488488489025e+00,7.074489113267837581e+01
8.498498498498499032e+00,7.081285167868998087e+01
8.508508508508509038e+00,7.087544324040815980e+01
8.518518518518519045e+00,7.093273456629906093e+01
8.528528528528529051e+00,7.098479357433052428e+01
8.538538538538539058e+00,7.103168723061708079e+01
8.548548548548549064e+00,7.107348144233840515e+01
8.558558558558559071e+00,7.111024096390738691e+01
8.568568568568569077e+00,7.114202931541439057e+01
8.578578578578579084e+00,7.116890871242557637e+01
8.588588588588589090e+00,7.119094000626334662e+01
8.598598598598599096e+00,7.120818263394755832e+01
8.608608608608609103e+00,7.122069457702434647e+01
8.618618618618619109e+00,7.122853232855791816e+01
8.628628628628629116e+00,7.123175086760598163e+01
8.638638638638639122e+00,7.123040364054489260e+01
8.648648648648649129e+00,7.122454254865297685e+01
8.658658658658659135e+00,7.121421794140167094e+01
8.668668668668669142e+00,7.119947861494334518e+01
8.678678678678679148e+00,7.118037181532193358e+01
8.688688688688689155e+00,7.115694324596776710e+01
8.698698698698699161e+00,7.112923707907179960e+01
8.708708708708709167e+00,7.109729597046565175e+01
8.718718718718719174e+00,7.106116107766420953e+01
8.728728728728729180e+00,7.102087208075509750e+01
8.738738738738739187e+00,7.097646720584607749e+01
8.748748748748749193e+00,7.092798325080613608e+01
8.758758758758759200e+00,7.087545561305879005e+01
8.768768768768769206e+00,7.081891831920819413e+01
8.778778778778779213e+00,7.075840405629870133e+01
8.788788788788789219e+00,7.069394420452741201e+01
8.798798798798799226e+00,7.062556887124665650e+01
8.808808808808809232e+00,7.055330692610985466e+01
8.818818818818819238e+00,7.047718603722969988e+01
8.828828828828829245e+00,7.039723270823085954e+01
8.838838838838839251e+00,7.031347231609387904e+01
8.848848848848849258e+00,7.022592914969780509e+01
8.858858858858859264e+00,7.013462644898156384e+01
8.868868868868869271e+00,7.003958644465376437e+01
8.878878878878879277e+00,6.994083039839129867e+01
8.888888888888889284e+00,6.983837864347526647e+01
8.898898898898899290e+00,6.973225062582194766e+01
8.908908908908909297e+00,6.962246494537450303e+01
8.918918918918919303e+00,6.950903939782772056e+01
8.928928928928929309e+00,6.939199101666604008e+01
8.938938938938939316e+00,6.927133611550077319e+01
8.948948948948949322e+00,6.914709033069898680e+01
8.958958958958959329e+00,6.901926866430241603e+01
8.968968968968969335e+00,6.888788552723937642e+01
8.978978978978979342e+00,6.875295478283932482e+01
8.988988988988989348e+00,6.861448979066324227e+01
8.998998998998999355e+00,6.847250345066885302e+01
9.009009009009009361e+00,6.832700824773402815e+01
9.019019019019019368e+00,6.817801629656607076e+01
9.029029029029029374e+00,6.802553938702983771e+01
9.039039039039039380e+00,6.786958902993102072e+01
9.049049049049049387e+00,6.771017650329692117e+01
9.059059059059059393e+00,6.754731289919985215e+01
9.069069069069069400e+00,6.738100917117448319e+01
9.079079079079079406e+00,6.721127618228432254e+01
9.089089089089089413e+00,6.703812475389756287e+01
9.099099099099099419e+00,6.686156571523784464e+01
9.109109109109109426e+00,6.668160995378050870e+01
9.119119119119119432e+00,6.649826846657083479e+01
9.129129129129129439e+00,6.631155241254650434e+01
9.139139139139139445e+00,6.612147316595243751e+01
9.149149149149149451e+00,6.592804237094381392e+01
9.159159159159159458e+00,6.573127199747915483e+01
9.169169169169169464e+00,6.553117439861357241e+01
9.179179179179179471e+00,6.532776236931037772e+01
9.189189189189189477e+00,6.512104920689800736e+01
9.199199199199199484e+00,6.491104877330894851e+01
9.209209209209209490e+00,6.469863730590138573e+01
9.219219219219219497e+00,6.448567277989882029e+01
9.229229229229229503e+00,6.427234359283703213e+01
9.239239239239239510e+00,6.405878315856062954e+01
9.249249249249249516e+00,6.384512295177532337e+01
9.259259259259259522e+00,6.363149250580482885e+01
9.269269269269269529e+00,6.341801940634302781e+01
9.279279279279279535e+00,6.320482928164097558e+01
9.289289289289289542e+00,6.299204578954814338e+01
9.299299299299299548e+00,6.277979060180665272e+01
9.309309309309309555e+00,6.256818338597963702e+01
9.319319319319319561e+00,6.235734178537557426e+01
9.329329329329329568e+00,6.214738139731566946e+01
9.339339339339339574e+00,6.193841575007493816e+01
9.349349349349349581e+00,6.173055627881321072e+01
9.359359359359359587e+00,6.152391230079934559e+01
9.369369369369369593e+00,6.131859099021797732e+01
9.379379379379379600e+00,6.111469735283703386e+01
9.389389389389389606e+00,6.091233420080267535e+01
9.399399399399399613e+00,6.071160212781635579e+01
9.409409409409409619e+00,6.051259948494022467e+01
9.419419419419419626e+00,6.031542235726477941e+01
9.429429429429429632e+00,6.012016454166516866e+01
9.439439439439439639e+00,5.992691752586134157e+01
9.449449449449449645e+00,5.973577046898856935e+01
9.459459459459459651e+00,5.954681018387550751e+01
9.469469469469469658e+00,5.936012112121744622e+01
9.479479479479479664e+00,5.917578535582286037e+01
9.489489489489489671e+00,5.899388257510108247e+01
9.499499499499499677e+00,5.881449006994960627e+01
9.509509509509509684e+00,5.863768272818866478e+01
9.519519519519519690e+00,5.846353303067880347e+01
9.529529529529529697e+00,5.829211105024786832e+01
9.539539539539539703e+00,5.812348445353915594e+01
9.549549549549549710e+00,5.795771850588148766e+01
9.559559559559559716e+00,5.779487607926800763e+01
9.569569569569569722e+00,5.763501766351672728e+01
9.579579579579579729e+00,5.747820138067034890e+01
9.589589589589589735e+00,5.732448300267854790e+01
9.599599599599599742e+00,5.717391597238925272e+01
9.609609609609609748e+00,5.702655142785853570e+01
9.619619619619619755e+00,5.688243822997174703e+01
9.629629629629629761e+00,5.674162299335142023e+01
9.639639639639639768e+00,5.660415012050753347e+01
9.649649649649649774e+00,5.647006183916918332e+01
9.659659659659659781e+00,5.633939824271579511e+01
9.669669669669669787e+00,5.621219733360993587e+01
9.679679679679679793e+00,5.608849506971151300e+01
9.689689689689689800e+00,5.596832541333652244e+01
9.699699699699699806e+00,5.585172038290545515e+01
9.709709709709709813e+00,5.573871010700606377e+01
9.719719719719719819e+00,5.562932288068034836e+01
9.729729729729729826e+00,5.552358522372659877e+01
9.739739739739739832e+00,5.542152194079389460e+01
9.749749749749749839e+00,5.532315618302845905e+01
9.759759759759759845e+00,5.522850951102125805e+01
9.769769769769769852e+00,5.513760195879043380e+01
9.779779779779779858e+00,5.505045209852377752e+01
9.789789789789789864e+00,5.496707710579542550e+01
9.799799799799799871e+00,5.488749282496409876e+01
9.809809809809809877e+00,5.481171383445377643e+01
9.819819819819819884e+00,5.473975351161322322e+01
9.829829829829829890e+00,5.467162409684890179e+01
9.839839839839839897e+00,5.460733675672503296e+01
9.849849849849849903e+00,5.454690164572582489e+01
9.859859859859859910e+00,5.449032796637841614e+01
9.869869869869869916e+00,5.443762402743992368e+01
9.879879879879879923e+00,5.438879729986009437e+01
9.889889889889889929e+00,5.434385447023854709e+01
9.899899899899899935e+00,5.430280149150738112e+01
9.909909909909909942e+00,5.426564363058238882e+01
9.919919919919919948e+00,5.423238551273939123e+01
9.929929929929929955e+00,5.420303116248872044e+01
9.939939939939939961e+00,5.417758404073765632e+01
9.949949949949949968e+00,5.415604707804910589e+01
9.959959959959959974e+00,5.413842270382339450e+01
9.969969969969969981e+00,5.412471287125377728e+01
9.979979979979979987e+00,5.411491907792344591e+01
9.989989989989989994e+00,5.410904238193844407e+01
1.000000000000000000e+01,5.410708341351190853e+01
