0.000000000000000000e+00,0.000000000000000000e+00
1.001001001001000992e-02,-2.395681485428325774e-03
2.002002002002001985e-02,-9.582725941713303094e-03
3.003003003003002977e-02,-2.156113336885492893e-02
4.004004004004003969e-02,-3.833090376685321238e-02
5.005005005005004615e-02,-5.989203713570814130e-02
6.006006006006005954e-02,-8.624453347541971571e-02
7.007007007007007293e-02,-1.173883927859879633e-01
8.008008008008007939e-02,-1.533236150674128495e-01
9.009009009009008584e-02,-1.940502003196943326e-01
1.001001001001000923e-01,-2.395681485428325652e-01
1.101101101101101126e-01,-2.898774597368274364e-01
1.201201201201201191e-01,-3.449781339016788628e-01
1.301301301301301394e-01,-4.048701710373869833e-01
1.401401401401401459e-01,-4.695535711439518534e-01
1.501501501501501523e-01,-5.390283342213733064e-01
1.601601601601601588e-01,-6.132944602696513980e-01
1.701701701701701652e-01,-6.923519492887859617e-01
1.801801801801801717e-01,-7.762008012787773303e-01
1.901901901901901781e-01,-8.648410162396257261e-01
2.002002002002001846e-01,-9.582725941713302609e-01
2.102102102102102188e-01,-1.056495535073891601e+00
2.202202202202202252e-01,-1.159509838947309746e+00
2.302302302302302317e-01,-1.267315505791584362e+00
2.402402402402402382e-01,-1.379912535606715451e+00
2.502502502502502724e-01,-1.497300928392703234e+00
2.602602602602602788e-01,-1.619480684149547933e+00
2.702702702702702853e-01,-1.746451802877249104e+00
2.802802802802802917e-01,-1.878214284575807413e+00
2.902902902902902982e-01,-2.014768129245222195e+00
3.003003003003003046e-01,-2.156113336885493226e+00
3.103103103103103111e-01,-2.302249907496621173e+00
3.203203203203203175e-01,-2.453177841078605592e+00
3.303303303303303240e-01,-2.608897137631446483e+00
3.403403403403403304e-01,-2.769407797155143847e+00
3.503503503503503369e-01,-2.934709819649698570e+00
3.603603603603603434e-01,-3.104803205115109321e+00
3.703703703703703498e-01,-3.279687953551378321e+00
3.803803803803803563e-01,-3.459364064958502905e+00
3.903903903903903627e-01,-3.643831539336483516e+00
4.004004004004003692e-01,-3.833090376685321043e+00
4.104104104104104311e-01,-4.027140577005015487e+00
4.204204204204204376e-01,-4.225982140295566403e+00
4.304304304304304440e-01,-4.429615066556973346e+00
4.404404404404404505e-01,-4.638039355789238982e+00
4.504504504504504570e-01,-4.851255007992359758e+00
4.604604604604604634e-01,-5.069262023166337450e+00
4.704704704704704699e-01,-5.292060401311171169e+00
4.804804804804804763e-01,-5.519650142426861805e+00
4.904904904904904828e-01,-5.752031246513410245e+00
5.005005005005005447e-01,-5.989203713570812937e+00
5.105105105105105512e-01,-6.231167543599075209e+00
5.205205205205205576e-01,-6.477922736598191733e+00
5.305305305305305641e-01,-6.729469292568165173e+00
5.405405405405405705e-01,-6.985807211508996417e+00
5.505505505505505770e-01,-7.246936493420684577e+00
5.605605605605605835e-01,-7.512857138303229654e+00
5.705705705705705899e-01,-7.783569146156631646e+00
5.805805805805805964e-01,-8.059072516980888778e+00
5.905905905905906028e-01,-8.339367250776001939e+00
6.006006006006006093e-01,-8.624357520282554646e+00
6.106106106106106157e-01,-8.910881025939783484e+00
6.206206206206206222e-01,-9.197404531597010546e+00
6.306306306306306286e-01,-9.483928037254239385e+00
6.406406406406406351e-01,-9.770451542911466447e+00
6.506506506506506415e-01,-1.005697504856869351e+01
6.606606606606606480e-01,-1.034349855422592057e+01
6.706706706706706544e-01,-1.063002205988314941e+01
6.806806806806806609e-01,-1.091654556554037647e+01
6.906906906906906674e-01,-1.120306907119760353e+01
7.007007007007006738e-01,-1.148959257685483237e+01
7.107107107107106803e-01,-1.177611608251205944e+01
7.207207207207206867e-01,-1.206263958816928650e+01
7.307307307307306932e-01,-1.234916309382651711e+01
7.407407407407406996e-01,-1.263568659948374595e+01
7.507507507507507061e-01,-1.292221010514097301e+01
7.607607607607607125e-01,-1.320873361079820008e+01
7.707707707707707190e-01,-1.349525711645542714e+01
7.807807807807807254e-01,-1.378178062211265420e+01
7.907907907907907319e-01,-1.406830412776988304e+01
8.008008008008007383e-01,-1.435482763342711188e+01
8.108108108108108558e-01,-1.464135113908433716e+01
8.208208208208208623e-01,-1.492787464474156600e+01
8.308308308308308687e-01,-1.521439815039879484e+01
8.408408408408408752e-01,-1.550092165605602013e+01
8.508508508508508816e-01,-1.578744516171324719e+01
8.608608608608608881e-01,-1.607396866737047603e+01
8.708708708708708945e-01,-1.636049217302770487e+01
8.808808808808809010e-01,-1.664701567868493370e+01
8.908908908908909074e-01,-1.693353918434216254e+01
9.009009009009009139e-01,-1.722006268999939138e+01
9.109109109109109204e-01,-1.750658619565661667e+01
9.209209209209209268e-01,-1.779310970131384551e+01
9.309309309309309333e-01,-1.807963320697107079e+01
9.409409409409409397e-01,-1.836615671262829963e+01
9.509509509509509462e-01,-1.865268021828552492e+01
9.609609609609609526e-01,-1.893920372394275375e+01
9.709709709709709591e-01,-1.922572722959998259e+01
9.809809809809809655e-01,-1.951225073525720788e+01
9.909909909909909720e-01,-1.979877424091443672e+01
1.001001001001001089e+00,-2.008529774657166556e+01
1.011011011011011096e+00,-2.037182125222889439e+01
1.021021021021021102e+00,-2.065834475788611968e+01
1.031031031031031109e+00,-2.094486826354334852e+01
1.041041041041041115e+00,-2.123139176920057736e+01
1.051051051051051122e+00,-2.151791527485780264e+01
1.061061061061061128e+00,-2.180443878051503148e+01
1.071071071071071135e+00,-2.209096228617225677e+01
1.081081081081081141e+00,-2.237748579182948561e+01
1.091091091091091148e+00,-2.266400929748671089e+01
1.101101101101101154e+00,-2.295053280314393973e+01
1.111111111111111160e+00,-2.323705630880116857e+01
1.121121121121121167e+00,-2.352357981445840096e+01
1.131131131131131173e+00,-2.381010332011562980e+01
1.141141141141141180e+00,-2.409662682577285864e+01
1.151151151151151186e+00,-2.438315033143008748e+01
1.161161161161161193e+00,-2.466967383708731276e+01
1.171171171171171199e+00,-2.495619734274454160e+01
1.181181181181181206e+00,-2.524272084840176689e+01
1.191191191191191212e+00,-2.552924435405899217e+01
1.201201201201201219e+00,-2.581576785971622101e+01
1.211211211211211225e+00,-2.610229136537344985e+01
1.221221221221221231e+00,-2.638881487103067869e+01
1.231231231231231238e+00,-2.667533837668790397e+01
1.241241241241241244e+00,-2.696186188234513281e+01
1.251251251251251251e+00,-2.724838538800236165e+01
1.261261261261261257e+00,-2.753490889365958694e+01
1.271271271271271264e+00,-2.782143239931681578e+01
1.281281281281281270e+00,-2.810795590497404461e+01
1.291291291291291277e+00,-2.839447941063127345e+01
1.301301301301301283e+00,-2.868100291628850229e+01
1.311311311311311290e+00,-2.896752642194572758e+01
1.321321321321321296e+00,-2.925404992760295286e+01
1.331331331331331302e+00,-2.954057343326017815e+01
1.341341341341341309e+00,-2.982709693891740699e+01
1.351351351351351315e+00,-3.011362044457463583e+01
1.361361361361361322e+00,-3.040014395023186466e+01
1.371371371371371328e+00,-3.068666745588909350e+01
1.381381381381381335e+00,-3.097319096154632234e+01
1.391391391391391341e+00,-3.125971446720354407e+01
1.401401401401401348e+00,-3.154623797286077291e+01
1.411411411411411354e+00,-3.183276147851800175e+01
1.421421421421421361e+00,-3.211928498417523059e+01
1.431431431431431367e+00,-3.240580848983245943e+01
1.441441441441441373e+00,-3.269233199548968827e+01
1.451451451451451380e+00,-3.297885550114692421e+01
1.461461461461461386e+00,-3.326537900680414594e+01
1.471471471471471393e+00,-3.355190251246137478e+01
1.481481481481481399e+00,-3.383842601811860362e+01
1.491491491491491406e+00,-3.412494952377582536e+01
1.501501501501501412e+00,-3.441147302943305419e+01
1.511511511511511419e+00,-3.469799653509028303e+01
1.521521521521521425e+00,-3.498452004074751187e+01
1.531531531531531432e+00,-3.527104354640473360e+01
1.541541541541541438e+00,-3.555756705206196244e+01
1.551551551551551444e+00,-3.584409055771919128e+01
1.561561561561561451e+00,-3.613061406337642012e+01
1.571571571571571457e+00,-3.641713756903364896e+01
1.581581581581581464e+00,-3.670366107469087780e+01
1.591591591591591470e+00,-3.699018458034810664e+01
1.601601601601601477e+00,-3.727670808600532837e+01
1.611611611611611705e+00,-3.756323159166255721e+01
1.621621621621621712e+00,-3.784975509731978605e+01
1.631631631631631718e+00,-3.813627860297701488e+01
1.641641641641641725e+00,-3.842280210863424372e+01
1.651651651651651731e+00,-3.870932561429147256e+01
1.661661661661661737e+00,-3.899584911994870140e+01
1.671671671671671744e+00,-3.928237262560592313e+01
1.681681681681681750e+00,-3.956889613126315197e+01
1.691691691691691757e+00,-3.985541963692038081e+01
1.701701701701701763e+00,-4.014194314257760965e+01
1.711711711711711770e+00,-4.042846664823483849e+01
1.721721721721721776e+00,-4.071499015389206733e+01
1.731731731731731783e+00,-4.100151365954929616e+01
1.741741741741741789e+00,-4.128803716520651790e+01
1.751751751751751796e+00,-4.157456067086374674e+01
1.761761761761761802e+00,-4.186108417652097557e+01
1.771771771771771808e+00,-4.214760768217820441e+01
1.781781781781781815e+00,-4.243413118783543325e+01
1.791791791791791821e+00,-4.272065469349266209e+01
1.801801801801801828e+00,-4.300717819914989093e+01
1.811811811811811834e+00,-4.329370170480711266e+01
1.821821821821821841e+00,-4.358022521046434150e+01
1.831831831831831847e+00,-4.386674871612157034e+01
1.841841841841841854e+00,-4.415327222177879918e+01
1.851851851851851860e+00,-4.443979572743602802e+01
1.861861861861861867e+00,-4.472631923309325686e+01
1.871871871871871873e+00,-4.501284273875048569e+01
1.881881881881881879e+00,-4.529936624440770743e+01
1.891891891891891886e+00,-4.558588975006493627e+01
1.901901901901901892e+00,-4.587241325572216510e+01
1.911911911911911899e+00,-4.615893676137939394e+01
1.921921921921921905e+00,-4.644546026703662278e+01
1.931931931931931912e+00,-4.673198377269385162e+01
1.941941941941941918e+00,-4.701850727835108046e+01
1.951951951951951925e+00,-4.730503078400830219e+01
1.961961961961961931e+00,-4.759155428966553103e+01
1.971971971971971938e+00,-4.787807779532275987e+01
1.981981981981981944e+00,-4.816460130097998871e+01
1.991991991991991950e+00,-4.845112480663721755e+01
2.002002002002002179e+00,-4.873764831229444638e+01
2.012012012012012185e+00,-4.902417181795167522e+01
2.022022022022022192e+00,-4.931069532360889696e+01
2.032032032032032198e+00,-4.959721882926612579e+01
2.042042042042042205e+00,-4.988374233492334753e+01
2.052052052052052211e+00,-5.017026584058058347e+01
2.062062062062062218e+00,-5.045678934623780520e+01
2.072072072072072224e+00,-5.074331285189504115e+01
2.082082082082082231e+00,-5.102983635755226288e+01
2.092092092092092237e+00,-5.131635986320949172e+01
2.102102102102102243e+00,-5.160288336886671345e+01
2.112112112112112250e+00,-5.188940687452394940e+01
2.122122122122122256e+00,-5.217593038018117113e+01
2.132132132132132263e+00,-5.246245388583840707e+01
2.142142142142142269e+00,-5.274897739149562881e+01
2.152152152152152276e+00,-5.303550089715286475e+01
2.162162162162162282e+00,-5.332202440281007938e+01
2.172172172172172289e+00,-5.360854790846731532e+01
2.182182182182182295e+00,-5.389507141412453706e+01
2.192192192192192302e+00,-5.418159491978177300e+01
2.202202202202202308e+00,-5.446811842543899473e+01
2.212212212212212314e+00,-5.475464193109623068e+01
2.222222222222222321e+00,-5.504116543675345241e+01
2.232232232232232327e+00,-5.532768894241068125e+01
2.242242242242242334e+00,-5.561421244806791719e+01
2.252252252252252340e+00,-5.590073595372513893e+01
2.262262262262262347e+00,-5.618725945938236777e+01
2.272272272272272353e+00,-5.647378296503958950e+01
2.282282282282282360e+00,-5.676030647069682544e+01
2.292292292292292366e+00,-5.704682997635404718e+01
2.302302302302302373e+00,-5.733335348201127601e+01
2.312312312312312379e+00,-5.761987698766849064e+01
2.322322322322322385e+00,-5.790640049332574790e+01
2.332332332332332392e+00,-5.819292399898296253e+01
2.342342342342342398e+00,-5.847944750464017716e+01
2.352352352352352405e+00,-5.876597101029740600e+01
2.362362362362362411e+00,-5.905249451595464905e+01
2.372372372372372418e+00,-5.933901802161187788e+01
2.382382382382382424e+00,-5.962554152726909251e+01
2.392392392392392431e+00,-5.991206503292632135e+01
2.402402402402402437e+00,-6.019705530243289360e+01
2.412412412412412444e+00,-6.047735003622800320e+01
2.422422422422422450e+00,-6.075285340705225678e+01
2.432432432432432456e+00,-6.102356541490565434e+01
2.442442442442442463e+00,-6.128948605978820297e+01
2.452452452452452469e+00,-6.155061534169989557e+01
2.462462462462462476e+00,-6.180695326064073214e+01
2.472472472472472482e+00,-6.205849981661069847e+01
2.482482482482482489e+00,-6.230525500960980878e+01
2.492492492492492495e+00,-6.254721883963807016e+01
2.502502502502502502e+00,-6.278439130669547552e+01
2.512512512512512508e+00,-6.301677241078201774e+01
2.522522522522522515e+00,-6.324436215189771104e+01
2.532532532532532521e+00,-6.346716053004254121e+01
2.542542542542542527e+00,-6.368516754521652956e+01
2.552552552552552534e+00,-6.389838319741964767e+01
2.562562562562562540e+00,-6.410680748665191686e+01
2.572572572572572547e+00,-6.431044041291332292e+01
2.582582582582582553e+00,-6.450928197620386584e+01
2.592592592592592560e+00,-6.470333217652357405e+01
2.602602602602602566e+00,-6.489259101387240491e+01
2.612612612612612573e+00,-6.507705848825038686e+01
2.622622622622622579e+00,-6.525673459965750567e+01
2.632632632632632586e+00,-6.543161934809377556e+01
2.642642642642642592e+00,-6.560171273355919652e+01
2.652652652652652598e+00,-6.576701475605374014e+01
2.662662662662662605e+00,-6.592752541557743484e+01
2.672672672672672611e+00,-6.608324471213028062e+01
2.682682682682682618e+00,-6.623417264571226326e+01
2.692692692692692624e+00,-6.638030921632339698e+01
2.702702702702702631e+00,-6.652165442396366757e+01
2.712712712712712637e+00,-6.665820826863308923e+01
2.722722722722722644e+00,-6.678997075033164776e+01
2.732732732732732650e+00,-6.691694186905934316e+01
2.742742742742742657e+00,-6.703912162481617543e+01
2.752752752752752663e+00,-6.715651001760217298e+01
2.762762762762762669e+00,-6.726910704741730740e+01
2.772772772772772676e+00,-6.737691271426157869e+01
2.782782782782782682e+00,-6.747992701813498684e+01
2.792792792792792689e+00,-6.757814995903756028e+01
2.802802802802802695e+00,-6.767158153696925638e+01
2.812812812812812702e+00,-6.776022175193011776e+01
2.822822822822822708e+00,-6.784407060392010180e+01
2.832832832832832715e+00,-6.792312809293923692e+01
2.842842842842842721e+00,-6.799739421898750891e+01
2.852852852852852727e+00,-6.806686898206493197e+01
2.862862862862862734e+00,-6.813155238217149190e+01
2.872872872872872740e+00,-6.819144441930721712e+01
2.882882882882882747e+00,-6.824654509347205078e+01
2.892892892892892753e+00,-6.829685440466606394e+01
2.902902902902902760e+00,-6.834237235288919976e+01
2.912912912912912766e+00,-6.838309893814147244e+01
2.922922922922922773e+00,-6.841903416042289621e+01
2.932932932932932779e+00,-6.845017801973347105e+01
2.942942942942942786e+00,-6.847653051607316854e+01
2.952952952952952792e+00,-6.849809164944203133e+01
2.962962962962962798e+00,-6.851486141984003098e+01
2.972972972972972805e+00,-6.852683982726718170e+01
2.982982982982982811e+00,-6.853402687172345509e+01
2.992992992992992818e+00,-6.853642255320887955e+01
3.003003003003002824e+00,-6.853642255320887955e+01
3.013013013013012831e+00,-6.853285308948805721e+01
3.023023023023022837e+00,-6.852214187241347076e+01
3.033033033033032844e+00,-6.850428042030583242e+01
3.043043043043042850e+00,-6.847925458391037523e+01
3.053053053053052857e+00,-6.844704452679295059e+01
3.063063063063062863e+00,-6.840762469805318347e+01
3.073073073073072869e+00,-6.836096379751806751e+01
3.083083083083082876e+00,-6.830702473362789817e+01
3.093093093093092882e+00,-6.824576457428042886e+01
3.103103103103102889e+00,-6.817713449095630551e+01
3.113113113113112895e+00,-6.810107969650962900e+01
3.123123123123122902e+00,-6.801753937707449893e+01
3.133133133133132908e+00,-6.792644661861098143e+01
3.143143143143142915e+00,-6.782772832869288493e+01
3.153153153153152921e+00,-6.772130515422722397e+01
3.163163163163162928e+00,-6.760709139588959715e+01
3.173173173173172934e+00,-6.748499492016678403e+01
3.183183183183182940e+00,-6.735491707001017403e+01
3.193193193193192947e+00,-6.721675257523286007e+01
3.203203203203202953e+00,-6.707038946392076184e+01
3.213213213213213404e+00,-6.691570897628112391e+01
3.223223223223223410e+00,-6.675258548251807156e+01
3.233233233233233417e+00,-6.658088640650763068e+01
3.243243243243243423e+00,-6.640047215724337093e+01
3.253253253253253430e+00,-6.621119607023811682e+01
3.263263263263263436e+00,-6.601290436130474859e+01
3.273273273273273443e+00,-6.580543609538804617e+01
3.283283283283283449e+00,-6.558862317339564640e+01
3.293293293293293456e+00,-6.536229034026662532e+01
3.303303303303303462e+00,-6.512625521782908322e+01
3.313313313313313468e+00,-6.488032836633067291e+01
3.323323323323323475e+00,-6.462431337887542782e+01
3.333333333333333481e+00,-6.435800701337123542e+01
3.343343343343343488e+00,-6.408119936697330843e+01
3.353353353353353494e+00,-6.379367409840941150e+01
3.363363363363363501e+00,-6.349520870397615369e+01
3.373373373373373507e+00,-6.318557485340881641e+01
3.383383383383383514e+00,-6.286453879223468277e+01
3.393393393393393520e+00,-6.253186181762054474e+01
3.403403403403403527e+00,-6.218730083510644846e+01
3.413413413413413533e+00,-6.183060900396883852e+01
3.423423423423423539e+00,-6.146153647926451669e+01
3.433433433433433546e+00,-6.107983125885701980e+01
3.443443443443443552e+00,-6.068524014389731036e+01
3.453453453453453559e+00,-6.027750982130596924e+01
3.463463463463463565e+00,-5.985638807675420026e+01
3.473473473473473572e+00,-5.942162514644386562e+01
3.483483483483483578e+00,-5.897297521560976463e+01
3.493493493493493585e+00,-5.851019807108134785e+01
3.503503503503503591e+00,-5.803306091440690295e+01
3.513513513513513598e+00,-5.754134034093070937e+01
3.523523523523523604e+00,-5.703482448878080646e+01
3.533533533533533610e+00,-5.651331535993738697e+01
3.543543543543543617e+00,-5.597663131337418463e+01
3.553553553553553623e+00,-5.542460972766667027e+01
3.563563563563563630e+00,-5.485710982741353092e+01
3.573573573573573636e+00,-5.427401566430798852e+01
3.583583583583583643e+00,-5.367523923971348410e+01
3.593593593593593649e+00,-5.306072375115650175e+01
3.603603603603603656e+00,-5.243065965851111798e+01
3.613613613613613662e+00,-5.179214209364781851e+01
3.623623623623623669e+00,-5.114884302988640741e+01
3.633633633633633675e+00,-5.050107460570661289e+01
3.643643643643643681e+00,-4.984916411591187568e+01
3.653653653653653688e+00,-4.919345327836985859e+01
3.663663663663663694e+00,-4.853429740604953224e+01
3.673673673673673701e+00,-4.787206448754136545e+01
3.683683683683683707e+00,-4.720713418033836462e+01
3.693693693693693714e+00,-4.653989672224059149e+01
3.703703703703703720e+00,-4.587075176728615844e+01
3.713713713713713727e+00,-4.520010715360087517e+01
3.723723723723723733e+00,-4.452837761146758311e+01
3.733733733733733740e+00,-4.385598342073024014e+01
3.743743743743743746e+00,-4.318334902734765990e+01
3.753753753753753752e+00,-4.251090162948212026e+01
3.763763763763763759e+00,-4.183906974393622846e+01
3.773773773773773765e+00,-4.116828176402808026e+01
3.783783783783783772e+00,-4.049896452011359571e+01
3.793793793793793778e+00,-3.983154185392202606e+01
3.803803803803803785e+00,-3.916643321766909480e+01
3.813813813813813791e+00,-3.850405230855433558e+01
3.823823823823823798e+00,-3.784480574874606162e+01
3.833833833833833804e+00,-3.718909182031616467e+01
3.843843843843843811e+00,-3.653729926382747095e+01
3.853853853853853817e+00,-3.588980614840898653e+01
3.863863863863863823e+00,-3.524697882020323192e+01
3.873873873873873830e+00,-3.460917093505165099e+01
3.883883883883883836e+00,-3.397672258021921010e+01
3.893893893893893843e+00,-3.334995948887013384e+01
3.903903903903903849e+00,-3.272919234991299930e+01
3.913913913913913856e+00,-3.211471621475226357e+01
3.923923923923923862e+00,-3.150681000143696764e+01
3.933933933933933869e+00,-3.090573609569651126e+01
3.943943943943943875e+00,-3.031174004741724914e+01
3.953953953953953881e+00,-2.972505036025007641e+01
3.963963963963963888e+00,-2.914587837126089909e+01
3.973973973973973894e+00,-2.857441821684465566e+01
3.983983983983983901e+00,-2.801084688053185445e+01
3.993993993993993907e+00,-2.745532431781735383e+01
4.004004004004004358e+00,-2.690799365274311583e+01
4.014014014014014364e+00,-2.636898144066056204e+01
4.024024024024024371e+00,-2.583839799138693749e+01
4.034034034034034377e+00,-2.531633774684275551e+01
4.044044044044044384e+00,-2.480287970721401791e+01
4.054054054054054390e+00,-2.429808789971015415e+01
4.064064064064064397e+00,-2.380201188408389612e+01
4.074074074074074403e+00,-2.331468728923248435e+01
4.084084084084084409e+00,-2.283613637540196351e+01
4.094094094094094416e+00,-2.236636861676087307e+01
4.104104104104104422e+00,-2.190538129938852308e+01
4.114114114114114429e+00,-2.145316013002752698e+01
4.124124124124124435e+00,-2.100967985127403637e+01
4.134134134134134442e+00,-2.057490485921673695e+01
4.144144144144144448e+00,-2.014878981987770601e+01
4.154154154154154455e+00,-1.973128028115462484e+01
4.164164164164164461e+00,-1.932231327730438863e+01
4.174174174174174468e+00,-1.892181792334301349e+01
4.184184184184184474e+00,-1.852971599706130235e+01
4.194194194194194480e+00,-1.814592250666542839e+01
4.204204204204204487e+00,-1.777034624234788041e+01
4.214214214214214493e+00,-1.740289031037219303e+01
4.224224224224224500e+00,-1.704345264851466979e+01
4.234234234234234506e+00,-1.669192652194807636e+01
4.244244244244244513e+00,-1.634820099887385680e+01
4.254254254254254519e+00,-1.601216140541177779e+01
4.264264264264264526e+00,-1.568368975943965893e+01
4.274274274274274532e+00,-1.536266518324078767e+01
4.284284284284284539e+00,-1.504896429496278643e+01
4.294294294294294545e+00,-1.474246157902248733e+01
4.304304304304304551e+00,-1.444302973570337834e+01
4.314314314314314558e+00,-1.415054001029153952e+01
4.324324324324324564e+00,-1.386486250217901528e+01
4.334334334334334571e+00,-1.358586645443428687e+01
4.344344344344344577e+00,-1.331342052439837786e+01
4.354354354354354584e+00,-1.304739303591171229e+01
4.364364364364364590e+00,-1.278765221381505057e+01
4.374374374374374597e+00,-1.253406640139536599e+01
4.384384384384384603e+00,-1.228650426146780816e+01
4.394394394394394610e+00,-1.204483496179815916e+01
4.404404404404404616e+00,-1.180892834557607429e+01
4.414414414414414622e+00,-1.157865508765129015e+01
4.424424424424424629e+00,-1.135388683723998859e+01
4.434434434434434635e+00,-1.113449634780177355e+01
4.444444444444444642e+00,-1.092035759477497869e+01
4.454454454454454648e+00,-1.071134588184464675e+01
4.464464464464464655e+00,-1.050733793639956382e+01
4.474474474474474661e+00,-1.030821199481658113e+01
4.484484484484484668e+00,-1.011384787818958308e+01
4.494494494494494674e+00,-9.924127059098621473e+00
4.504504504504504681e+00,-9.738932719992384079e+00
4.514514514514514687e+00,-9.558149803733776650e+00
4.524524524524524693e+00,-9.381665056834965100e+00
4.534534534534534700e+00,-9.209367065883936831e+00
4.544544544544544706e+00,-9.041146287641957713e+00
4.554554554554554713e+00,-8.876895073266812375e+00
4.564564564564564719e+00,-8.716507687094084744e+00
4.574574574574574726e+00,-8.559880320385987673e+00
4.584584584584584732e+00,-8.406911100434783179e+00
4.594594594594594739e+00,-8.257500095386696159e+00
4.604604604604604745e+00,-8.111549315131043159e+00
4.614614614614614752e+00,-7.968962708578905207e+00
4.624624624624624758e+00,-7.829646157636849679e+00
4.634634634634634764e+00,-7.693507468161856266e+00
4.644644644644644771e+00,-7.560456358166133484e+00
4.654654654654654777e+00,-7.430404443523134006e+00
4.664664664664664784e+00,-7.303265221409995789e+00
4.674674674674674790e+00,-7.178954051705772166e+00
4.684684684684684797e+00,-7.057388136550312829e+00
4.694694694694694803e+00,-6.938486498254356150e+00
4.704704704704704810e+00,-6.822169955738417002e+00
4.714714714714714816e+00,-6.708361099664991833e+00
4.724724724724724823e+00,-6.596984266417155851e+00
4.734734734734734829e+00,-6.487965511065128865e+00
4.744744744744744835e+00,-6.381232579451786791e+00
4.754754754754754842e+00,-6.276714879518269896e+00
4.764764764764764848e+00,-6.174343451981196829e+00
4.774774774774774855e+00,-6.074050940464394088e+00
4.784784784784784861e+00,-5.975771561179605840e+00
4.794794794794794868e+00,-5.879441072242869382e+00
4.804804804804804874e+00,-5.784996742705907025e+00
4.814814814814814881e+00,-5.692377321375183818e+00
4.824824824824824887e+00,-5.601523005484597917e+00
4.834834834834834894e+00,-5.512375409282003424e+00
4.844844844844844900e+00,-5.424877532583868955e+00
4.854854854854854906e+00,-5.338973729347498143e+00
4.864864864864864913e+00,-5.254609676304827559e+00
4.874874874874874919e+00,-5.171732341697607538e+00
4.884884884884884926e+00,-5.090289954149189278e+00
4.894894894894894932e+00,-5.010231971704423692e+00
4.904904904904904939e+00,-4.931509051064884019e+00
4.914914914914914945e+00,-4.854073017043804228e+00
4.924924924924924952e+00,-4.777876832261133799e+00
4.934934934934934958e+00,-4.702874567096542613e+00
4.944944944944944965e+00,-4.629021369914963380e+00
4.954954954954954971e+00,-4.556273437576812135e+00
4.964964964964964977e+00,-4.484587986242220659e+00
4.974974974974974984e+00,-4.413923222476475061e+00
4.984984984984984990e+00,-4.344238314661354572e+00
4.994994994994994997e+00,-4.275493364715114097e+00
5.005005005005005003e+00,-4.207649380121687877e+00
5.015015015015015010e+00,-4.140668246267923180e+00
5.025025025025025016e+00,-4.074512699085617307e+00
5.035035035035035023e+00,-4.009146297993596342e+00
5.045045045045045029e+00,-3.944533399133201446e+00
5.055055055055055035e+00,-3.880639128889049161e+00
5.065065065065065042e+00,-3.817429357685264701e+00
5.075075075075075048e+00,-3.754870674045815093e+00
5.085085085085085055e+00,-3.692930358906212351e+00
5.095095095095095061e+00,-3.631576360162028561e+00
5.105105105105105068e+00,-3.570777267438521196e+00
5.115115115115115074e+00,-3.510502287063832938e+00
5.125125125125125081e+00,-3.450721217226853987e+00
5.135135135135135087e+00,-3.391404423299217985e+00
5.145145145145145094e+00,-3.332522813299264364e+00
5.155155155155155100e+00,-3.274047813474143087e+00
5.165165165165165106e+00,-3.215951343974485344e+00
5.175175175175175113e+00,-3.158205794594182159e+00
5.185185185185185119e+00,-3.100784000545897978e+00
5.195195195195195126e+00,-3.043659218240936326e+00
5.205205205205205132e+00,-2.986805101039744947e+00
5.215215215215215139e+00,-2.930195674937085215e+00
5.225225225225225145e+00,-2.873805314143327294e+00
5.235235235235235152e+00,-2.817608716520519696e+00
5.245245245245245158e+00,-2.761580878828951757e+00
5.255255255255255165e+00,-2.705697071736693271e+00
5.265265265265265171e+00,-2.649932814540924664e+00
5.275275275275275177e+00,-2.594263849546127432e+00
5.285285285285285184e+00,-2.538666116039832055e+00
5.295295295295295190e+00,-2.483115723801970542e+00
5.305305305305305197e+00,-2.427588926078680043e+00
5.315315315315315203e+00,-2.372062091945726703e+00
5.325325325325325210e+00,-2.316511677980309436e+00
5.335335335335335216e+00,-2.260914199153146065e+00
5.345345345345345223e+00,-2.205246198844696970e+00
5.355355355355355229e+00,-2.149484217881072468e+00
5.365365365365365236e+00,-2.093604762475131498e+00
5.375375375375375242e+00,-2.037584270947837783e+00
5.385385385385385248e+00,-1.981399079092598603e+00
5.395395395395395255e+00,-1.925025384032069686e+00
5.405405405405405261e+00,-1.868742616868185769e+00
5.415415415415415268e+00,-1.813159029228817554e+00
5.425425425425425274e+00,-1.758282808751040704e+00
5.435435435435435281e+00,-1.704105092086155349e+00
5.445445445445445287e+00,-1.650618763097505548e+00
5.455455455455455294e+00,-1.597818368397404321e+00
5.465465465465465300e+00,-1.545700038004049759e+00
5.475475475475475307e+00,-1.494261410668062062e+00
5.485485485485485313e+00,-1.443501563441305979e+00
5.495495495495495319e+00,-1.393420945082256113e+00
5.505505505505505326e+00,-1.344021312911743982e+00
5.515515515515515332e+00,-1.295305672751272841e+00
5.525525525525525339e+00,-1.247278221592872161e+00
5.535535535535535345e+00,-1.199944292665491297e+00
5.545545545545545352e+00,-1.153310302577532642e+00
5.555555555555555358e+00,-1.107383700229433998e+00
5.565565565565565365e+00,-1.062172917203522582e+00
5.575575575575575371e+00,-1.017687319351478381e+00
5.585585585585585378e+00,-9.739371593125917270e-01
5.595595595595595384e+00,-9.309335297085818972e-01
5.605605605605605390e+00,-8.886883167737099631e-01
5.615615615615615397e+00,-8.472141541917953544e-01
5.625625625625625403e+00,-8.065243769254129003e-01
5.635635635635635410e+00,-7.666329748363850394e-01
5.645645645645645416e+00,-7.275545459116931069e-01
5.655655655655655423e+00,-6.893042489243004223e-01
5.665665665665665429e+00,-6.518977553752759446e-01
5.675675675675675436e+00,-6.153512005810743979e-01
5.685685685685685442e+00,-5.796811337889520299e-01
5.695695695695695449e+00,-5.449044672234847342e-01
5.705705705705705455e+00,-5.110384239887865165e-01
5.715715715715715461e+00,-4.781004847736244345e-01
5.725725725725725468e+00,-4.461083333308402676e-01
5.735735735735735474e+00,-4.150798007276689794e-01
5.745745745745745481e+00,-3.850328083899812737e-01
5.755755755755755487e+00,-3.559853099909071061e-01
5.765765765765765494e+00,-3.279552322624467164e-01
5.775775775775775500e+00,-3.009604148374138699e-01
5.785785785785785507e+00,-2.750185492581593838e-01
5.795795795795795513e+00,-2.501471173175015550e-01
5.805805805805805520e+00,-2.263633289258323300e-01
5.815815815815815526e+00,-2.036840597263345487e-01
5.825825825825825532e+00,-1.821257887066771719e-01
5.835835835835835539e+00,-1.617045360805619003e-01
5.845845845845845545e+00,-1.424358017352684025e-01
5.855855855855855552e+00,-1.243345045613979821e-01
5.865865865865865558e+00,-1.074149229982599846e-01
5.875875875875875565e+00,-9.169063714169541079e-02
5.885885885885885571e+00,-7.717447277091973867e-02
5.895895895895895578e+00,-6.387844765618345966e-02
5.905905905905905584e+00,-5.181372050984030947e-02
5.915915915915915591e+00,-4.099054293921537001e-02
5.925925925925925597e+00,-3.141821475070371433e-02
5.935935935935935603e+00,-2.310504294030988823e-02
5.945945945945945610e+00,-1.605830468678021150e-02
5.955955955955955616e+00,-1.028421463956598857e-02
5.965965965965965623e+00,-5.787896765273953421e-03
5.975975975975975629e+00,-2.573360983597775941e-03
5.985985985985985636e+00,-6.434847871594397833e-04
5.995995995995995642e+00,0.000000000000000000e+00
6.006006006006005649e+00,0.000000000000000000e+00
6.016016016016015655e+00,-1.248131028254748131e-03
6.026026026026025662e+00,-4.991471206217077197e-03
6.036036036036035668e+00,-1.122686258841645510e-02
6.046046046046045674e+00,-1.994904451537679591e-02
6.056056056056055681e+00,-3.115065748737561035e-02
6.066066066066065687e+00,-4.482224858628444664e-02
6.076076076076075694e+00,-6.095227844394826566e-02
6.086086086086085700e+00,-7.952712975487745417e-02
6.096096096096095707e+00,-1.005311173302635280e-01
6.106106106106105713e+00,-1.239464996894353022e-01
6.116116116116115720e+00,-1.497534921836404798e-01
6.126126126126125726e+00,-1.779302816457089542e-01
6.136136136136135732e+00,-2.084530425575508439e-01
6.146146146146145739e+00,-2.412959547254832915e-01
6.156156156156155745e+00,-2.764312224513122973e-01
6.166166166166165752e+00,-3.138290951844831533e-01
6.176176176176175758e+00,-3.534578896379352297e-01
6.186186186186185765e+00,-3.952840133470619244e-01
6.196196196196195771e+00,-4.392719896477287889e-01
6.206206206206205778e+00,-4.853844840455340814e-01
6.216216216216215784e+00,-5.335823319441833634e-01
6.226226226226225791e+00,-5.838245676964922692e-01
6.236236236236235797e+00,-6.360684549364262752e-01
6.246246246246245803e+00,-6.902695181455431594e-01
6.256256256256255810e+00,-7.463815754014984094e-01
6.266266266266265816e+00,-8.043567722503195405e-01
6.276276276276275823e+00,-8.641456166379710702e-01
6.286286286286285829e+00,-9.256970148300922574e-01
6.296296296296295836e+00,-9.889583082418031967e-01
6.306306306306305842e+00,-1.053875311092411504e+00
6.316316316316315849e+00,-1.120392348792161208e+00
6.326326326326325855e+00,-1.188452296960549548e+00
6.336336336336335862e+00,-1.257996620967421819e+00
6.346346346346345868e+00,-1.328965415879996836e+00
6.356356356356355874e+00,-1.401297446690117354e+00
6.366366366366365881e+00,-1.474930188687327393e+00
6.376376376376375887e+00,-1.549799867834183997e+00
6.386386386386385894e+00,-1.625841500990913513e+00
6.396396396396395900e+00,-1.702988935826879491e+00
6.406406406406405907e+00,-1.781174890246420617e+00
6.416416416416416801e+00,-1.860330991146596391e+00
6.426426426426426808e+00,-1.940387812313834059e+00
6.436436436436436814e+00,-2.021274911255802387e+00
6.446446446446446821e+00,-2.102920864753726526e+00
6.456456456456456827e+00,-2.185253302909026640e+00
6.466466466466466834e+00,-2.268198941446169403e+00
6.476476476476476840e+00,-2.351683612021540082e+00
6.486486486486486847e+00,-2.435632290275142608e+00
6.496496496496496853e+00,-2.519969121348709873e+00
6.506506506506506859e+00,-2.604617442579805875e+00
6.516516516516516866e+00,-2.689499803066684347e+00
6.526526526526526872e+00,-2.774537979783244346e+00
6.536536536536536879e+00,-2.859652989906889875e+00
6.546546546546546885e+00,-2.944765099004740261e+00
6.556556556556556892e+00,-3.029793824704820171e+00
6.566566566566566898e+00,-3.114657935459232974e+00
6.576576576576576905e+00,-3.199275443984729517e+00
6.586586586586586911e+00,-3.283563594943232022e+00
6.596596596596596918e+00,-3.367438846400273356e+00
6.606606606606606924e+00,-3.450816844572393460e+00
6.616616616616616930e+00,-3.533612391345974491e+00
6.626626626626626937e+00,-3.615739404018468939e+00
6.636636636636636943e+00,-3.697110866679369945e+00
6.646646646646646950e+00,-3.777638772611271456e+00
6.656656656656656956e+00,-3.857234057051641241e+00
6.666666666666666963e+00,-3.935806519612440102e+00
6.676676676676676969e+00,-4.013264735607680933e+00
6.686686686686686976e+00,-4.089515955487777354e+00
6.696696696696696982e+00,-4.164465991523999655e+00
6.706706706706706989e+00,-4.238019090825914326e+00
6.716716716716716995e+00,-4.310077793709367278e+00
6.726726726726727001e+00,-4.380542776361360247e+00
6.736736736736737008e+00,-4.449312676671699052e+00
6.746746746746747014e+00,-4.516283902017882212e+00
6.756756756756757021e+00,-4.581350417700265076e+00
6.766766766766767027e+00,-4.644403514627950535e+00
6.776776776776777034e+00,-4.705331554751800205e+00
6.786786786786787040e+00,-4.764019692629915426e+00
6.796796796796797047e+00,-4.820349571391373544e+00
6.806806806806807053e+00,-4.874185849279170313e+00
6.816816816816817060e+00,-4.924997897221590648e+00
6.826826826826827066e+00,-4.972554986894535567e+00
6.836836836836837072e+00,-5.016847008430008970e+00
6.846846846846847079e+00,-5.057861140078490081e+00
6.856856856856857085e+00,-5.095581773331486097e+00
6.866866866866867092e+00,-5.129990435576759822e+00
6.876876876876877098e+00,-5.161065710253619265e+00
6.886886886886887105e+00,-5.188783154490276495e+00
6.896896896896897111e+00,-5.213115214221878624e+00
6.906906906906907118e+00,-5.234031136806090778e+00
6.916916916916917124e+00,-5.251496881174023024e+00
6.926926926926927131e+00,-5.265475025577399215e+00
6.936936936936937137e+00,-5.275924673019015465e+00
6.946946946946947143e+00,-5.282801354482637102e+00
6.956956956956957150e+00,-5.286056930111158181e+00
6.966966966966967156e+00,-5.285639488518130591e+00
6.976976976976977163e+00,-5.281493244458564718e+00
6.986986986986987169e+00,-5.273558435129844568e+00
6.996996996996997176e+00,-5.261771215423998171e+00
7.007007007007007182e+00,-5.246063552508216432e+00
7.017017017017017189e+00,-5.226363120172154098e+00
7.027027027027027195e+00,-5.202593193448807440e+00
7.037037037037037202e+00,-5.174672544090954673e+00
7.047047047047047208e+00,-5.142515337568012157e+00
7.057057057057057214e+00,-5.106031032339036102e+00
7.067067067067067221e+00,-5.065124282257491117e+00
7.077077077077077227e+00,-5.019694843072342927e+00
7.087087087087087234e+00,-4.969637484109189707e+00
7.097097097097097240e+00,-4.914841906344276978e+00
7.107107107107107247e+00,-4.855192668225130070e+00
7.117117117117117253e+00,-4.790569120743041864e+00
7.127127127127127260e+00,-4.720845353426522450e+00
7.137137137137137266e+00,-4.645890153100930675e+00
7.147147147147147273e+00,-4.565566977447296892e+00
7.157157157157157279e+00,-4.479733945594316147e+00
7.167167167167167285e+00,-4.388243848189765650e+00
7.177177177177177292e+00,-4.290944179621947185e+00
7.187187187187187298e+00,-4.187677195296902077e+00
7.197197197197197305e+00,-4.078279997121691203e+00
7.207207207207207311e+00,-3.962584650596895575e+00
7.217217217217217318e+00,-3.840418337180250941e+00
7.227227227227227324e+00,-3.711603545844845531e+00
7.237237237237237331e+00,-3.575958308016984777e+00
7.247247247247247337e+00,-3.433296480335556566e+00
7.257257257257257343e+00,-3.283428079921460796e+00
7.267267267267267350e+00,-3.126159677076582710e+00
7.277277277277277356e+00,-2.961294850538876755e+00
7.287287287287287363e+00,-2.788634710594932731e+00
7.297297297297297369e+00,-2.607978495484232884e+00
7.307307307307307376e+00,-2.419124246607786244e+00
7.317317317317317382e+00,-2.221869568066099809e+00
7.327327327327327389e+00,-2.016012475981997731e+00
7.337337337337337395e+00,-1.801352342896992642e+00
7.347347347347347402e+00,-1.577690942248271222e+00
7.357357357357357408e+00,-1.344833597517967938e+00
7.367367367367367414e+00,-1.102590440077330092e+00
7.377377377377377421e+00,-8.507777790052476474e-01
7.387387387387387427e+00,-5.892195852227216646e-01
7.397397397397397434e+00,-3.177490911315197786e-01
7.407407407407407440e+00,-3.621050555798177584e-02
7.417417417417417447e+00,2.555391578354256898e-01
7.427427427427427453e+00,5.576281424112505825e-01
7.437437437437437460e+00,8.701679066071533741e-01
7.447447447447447466e+00,1.193250986542518488e+00
7.457457457457457473e+00,1.526948774270417530e+00
7.467467467467467479e+00,1.871309225738758020e+00
7.477477477477477485e+00,2.226354515727241967e+00
7.487487487487487492e+00,2.592078660416019531e+00
7.497497497497497498e+00,2.968445131762537326e+00
7.507507507507507505e+00,3.355384491444181272e+00
7.517517517517517511e+00,3.752792075676278483e+00
7.527527527527527518e+00,4.160525765633424911e+00
7.537537537537537524e+00,4.578403881364540240e+00
7.547547547547547531e+00,5.006203239862638377e+00
7.557557557557557537e+00,5.443657420180598727e+00
7.567567567567567544e+00,5.890455280020711726e+00
7.577577577577577550e+00,6.346239768910284518e+00
7.587587587587587556e+00,6.810607082758775910e+00
7.597597597597597563e+00,7.283106203136017420e+00
7.607607607607607569e+00,7.763238861900908283e+00
7.617617617617617576e+00,8.250459967764324887e+00
7.627627627627627582e+00,8.744178525946722402e+00
7.637637637637637589e+00,9.243759075299013972e+00
7.647647647647647595e+00,9.748523659161328681e+00
7.657657657657657602e+00,1.025775433696411021e+01
7.667667667667667608e+00,1.077069623332141290e+01
7.677677677677677615e+00,1.128656111037836141e+01
7.687687687687687621e+00,1.180453143776087721e+01
7.697697697697697627e+00,1.232376492298784498e+01
7.707707707707707634e+00,1.284339945402941829e+01
7.717717717717717640e+00,1.336255839522612376e+01
7.727727727727727647e+00,1.388035616841746034e+01
7.737737737737737653e+00,1.439590404323218742e+01
7.747747747747747660e+00,1.490831605438696883e+01
7.757757757757757666e+00,1.541671495978446060e+01
7.767767767767767673e+00,1.592023815137217824e+01
7.777777777777777679e+00,1.641804343120825749e+01
7.787787787787787686e+00,1.690931456797058630e+01
7.797797797797797692e+00,1.739326655413668021e+01
7.807807807807807698e+00,1.786915049106030651e+01
7.817817817817817705e+00,1.833625803790452480e+01
7.827827827827827711e+00,1.879392537052293122e+01
7.837837837837837718e+00,1.924153660753677642e+01
7.847847847847847724e+00,1.967852667262820177e+01
7.857857857857857731e+00,2.010438357405775278e+01
7.867867867867867737e+00,2.051865009422925468e+01
7.877877877877877744e+00,2.092092489340996764e+01
7.887887887887887750e+00,2.131086304216690408e+01
7.897897897897897757e+00,2.168817600644607424e+01
7.907907907907907763e+00,2.205263111731909476e+01
7.917917917917917769e+00,2.240405056412424400e+01
7.927927927927927776e+00,2.274230995498119867e+01
7.937937937937937782e+00,2.306733649245692419e+01
7.947947947947947789e+00,2.337910681455358031e+01
7.957957957957957795e+00,2.367764455226925335e+01
7.967967967967967802e+00,2.396301765487255864e+01
7.977977977977977808e+00,2.423533553287672149e+01
7.987987987987987815e+00,2.449474606665993548e+01
7.997997997997997821e+00,2.474143252591924025e+01
8.008008008008008716e+00,2.497561044182916845e+01
8.018018018018018722e+00,2.519752447005947715e+01
8.028028028028028729e+00,2.540744527883279247e+01
8.038038038038038735e+00,2.560566649209940593e+01
8.048048048048048742e+00,2.579250171378930290e+01
8.058058058058058748e+00,2.596828165505809949e+01
8.068068068068068754e+00,2.613335138256008605e+01
8.078078078078078761e+00,2.628806770210587374e+01
8.088088088088088767e+00,2.643279668865099552e+01
8.098098098098098774e+00,2.656791137043439477e+01
8.108108108108108780e+00,2.669378957226736304e+01
8.118118118118118787e+00,2.681081192046658046e+01
8.128128128128128793e+00,2.691936000973116805e+01
8.138138138138138800e+00,2.701981473037286108e+01
8.148148148148148806e+00,2.711255475270685977e+01
8.158158158158158813e+00,2.719795516408296265e+01
8.168168168168168819e+00,2.727638625295827879e+01
8.178178178178178825e+00,2.734821243356599751e+01
8.188188188188188832e+00,2.741379130409360343e+01
8.198198198198198838e+00,2.747347283082666536e+01
8.208208208208208845e+00,2.752759865042049015e+01
8.218218218218218851e+00,2.757650148230506559e+01
8.228228228228228858e+00,2.762050464319539600e+01
8.238238238238238864e+00,2.765992165574454376e+01
8.248248248248248871e+00,2.769505594352643740e+01
8.258258258258258877e+00,2.772620060475489367e+01
8.268268268268268884e+00,2.775363825741648327e+01
8.278278278278278890e+00,2.777764094881020185e+01
8.288288288288288896e+00,2.779847012283153873e+01
8.298298298298298903e+00,2.781637663870543165e+01
8.308308308308308909e+00,2.783160083525254080e+01
8.318318318318318916e+00,2.784437263515874861e+01
8.328328328328328922e+00,2.785491168410592167e+01
8.338338338338338929e+00,2.786342752000254208e+01
8.348348348348348935e+00,2.787011976792884482e+01
8.358358358358358942e+00,2.787517835677246225e+01
8.368368368368368948e+00,2.787878375388107699e+01
8.378378378378378954e+00,2.788110721439084472e+01
8.388388388388388961e+00,2.788231104220772494e+01
8.398398398398398967e+00,2.788254885991628385e+01
8.408408408408408974e+00,2.788196588517274677e+01
8.418418418418418980e+00,2.788069921140101926e+01
8.428428428428428987e+00,2.787887809085493629e+01
8.438438438438438993e+00,2.787662421833603688e+01
8.448448448448449000e+00,2.787405201406589939e+01
8.458458458458459006e+00,2.787126890440309168e+01
8.468468468468469013e+00,2.786837559927128538e+01
8.478478478478479019e+00,2.786546636532548860e+01
8.488488488488489025e+00,2.786262929402886712e+01
8.498498498498499032e+00,2.785994656394504432e+01
8.508508508508509038e+00,2.785749469666987821e+01
8.518518518518519045e+00,2.785534480593366169e+01
8.528528528528529051e+00,2.785356283950095602e+01
8.538538538538539058e+00,2.785220981358068215e+01
8.548548548548549064e+00,2.785134203953524690e+01
8.558558558558559071e+00,2.785101134274451340e+01
8.568568568568569077e+00,2.785126527353970260e+01
8.578578578578579084e+00,2.785214731017428491e+01
8.588588588588589090e+00,2.785369705384366057e+01
8.598598598598599096e+00,2.785595041580454279e+01
8.608608608608609103e+00,2.785893979667867981e+01
8.618618618618619109e+00,2.786269425805341626e+01
8.628628628628629116e+00,2.786723968651633854e+01
8.638638638638639122e+00,2.787259895028063283e+01
8.648648648648649129e+00,2.787879204857435056e+01
8.658658658658659135e+00,2.788583625397990318e+01
8.668668668668669142e+00,2.789374624792074187e+01
8.678678678678679148e+00,2.790253424949911576e+01
8.688688688688689155e+00,2.791221013789536798e+01
8.698698698698699161e+00,2.792278156854206728e+01
8.708708708708709167e+00,2.793425408328842607e+01
8.718718718718719174e+00,2.794663121477092460e+01
8.728728728728729180e+00,2.795991458520488138e+01
8.738738738738739187e+00,2.797410399980985929e+01
8.748748748748749193e+00,2.798919753507869146e+01
8.758758758758759200e+00,2.800519162209637614e+01
8.768768768768769206e+00,2.802208112511003435e+01
8.778778778778779213e+00,2.803985941554661210e+01
8.788788788788789219e+00,2.805851844166896569e+01
8.798798798798799226e+00,2.807804879405567178e+01
8.808808808808809232e+00,2.809843976708279101e+01
8.818818818818819238e+00,2.811967941657990622e+01
8.828828828828829245e+00,2.814175461382597021e+01
8.838838838838839251e+00,2.816465109604346040e+01
8.848848848848849258e+00,2.818835351354248431e+01
8.858858858858859264e+00,2.821284547365955930e+01
8.868868868868869271e+00,2.823810958162857787e+01
8.878878878878879277e+00,2.826412747851449936e+01
8.888888888888889284e+00,2.829087987633333867e+01
8.898898898898899290e+00,2.831834659047480685e+01
8.908908908908909297e+00,2.834650656953701997e+01
8.918918918918919303e+00,2.837533792267598542e+01
8.928928928928929309e+00,2.840481794456503195e+01
8.938938938938939316e+00,2.843492313805336380e+01
8.948948948948949322e+00,2.846562923460522398e+01
8.958958958958959329e+00,2.849691121259466797e+01
8.968968968968969335e+00,2.852874331352489889e+01
8.978978978978979342e+00,2.856109905623261014e+01
8.988988988988989348e+00,2.859395124913325148e+01
8.998998998998999355e+00,2.862727200055450183e+01
9.009009009009009361e+00,2.866103272719941586e+01
9.019019019019019368e+00,2.869520416077441283e+01
9.029029029029029374e+00,2.872975635280835505e+01
9.039039039039039380e+00,2.876465867768531481e+01
9.049049049049049387e+00,2.879987983390303796e+01
9.059059059059059393e+00,2.883538784356505502e+01
9.069069069069069400e+00,2.887115005010522850e+01
9.079079079079079406e+00,2.890713311423664678e+01
9.089089089089089413e+00,2.894330300810991119e+01
9.099099099099099419e+00,2.897962500765655847e+01
9.109109109109109426e+00,2.901606368308683059e+01
9.119119119119119432e+00,2.905258288750177442e+01
9.129129129129129439e+00,2.908914574357105209e+01
9.139139139139139445e+00,2.912571462821943413e+01
9.149149149149149451e+00,2.916225115525496747e+01
9.159159159159159458e+00,2.919871615586220770e+01
9.169169169169169464e+00,2.923506965687398562e+01
9.179179179179179471e+00,2.927127085672407603e+01
9.189189189189189477e+00,2.930727809897206271e+01
9.199199199199199484e+00,2.934304884327956842e+01
9.209209209209209490e+00,2.937839793248254239e+01
9.219219219219219497e+00,2.941299568092479788e+01
9.229229229229229503e+00,2.944680276690543508e+01
9.239239239239239510e+00,2.947979098481124183e+01
9.249249249249249516e+00,2.951193428956304388e+01
9.259259259259259522e+00,2.954320877183026894e+01
9.269269269269269529e+00,2.957359263229452750e+01
9.279279279279279535e+00,2.960306615508515904e+01
9.289289289289289542e+00,2.963161168048984351e+01
9.299299299299299548e+00,2.965921357702676175e+01
9.309309309309309555e+00,2.968585821294758276e+01
9.319319319319319561e+00,2.971153392722602149e+01
9.329329329329329568e+00,2.973623100007078790e+01
9.339339339339339574e+00,2.975994162298896839e+01
9.349349349349349581e+00,2.978265986841165613e+01
9.359359359359359587e+00,2.980438165888105928e+01
9.369369369369369593e+00,2.982510473578703269e+01
9.379379379379379600e+00,2.984482862762891386e+01
9.389389389389389606e+00,2.986355461776757281e+01
9.399399399399399613e+00,2.988128571162395630e+01
9.409409409409409619e+00,2.989802660326881778e+01
9.419419419419419626e+00,2.991378364134285306e+01
9.429429429429429632e+00,2.992856479423508631e+01
9.439439439439439639e+00,2.994237961444377660e+01
9.449449449449449645e+00,2.995523920203670087e+01
9.459459459459459651e+00,2.996715616712231167e+01
9.469469469469469658e+00,2.997814459124067099e+01
9.479479479479479664e+00,2.998821998757950880e+01
9.489489489489489671e+00,2.999739925991945100e+01
9.499499499499499677e+00,3.000570066021273163e+01
9.509509509509509684e+00,3.001314374469917112e+01
9.519519519519519690e+00,3.001974932846796307e+01
9.529529529529529697e+00,3.002553943837508399e+01
9.539539539539539703e+00,3.003053726423279812e+01
9.549549549549549710e+00,3.003476710819386142e+01
9.559559559559559716e+00,3.003825433226062103e+01
9.569569569569569722e+00,3.004102530385814873e+01
9.579579579579579729e+00,3.004310733942227785e+01
9.589589589589589735e+00,3.004452864596392558e+01
9.599599599599599742e+00,3.004531826058418176e+01
9.609609609609609748e+00,3.004550598792974725e+01
9.619619619619619755e+00,3.004512233559241707e+01
9.629629629629629761e+00,3.004419844747182822e+01
9.639639639639639768e+00,3.004276603513942590e+01
9.649649649649649774e+00,3.004085730725596903e+01
9.659659659659659781e+00,3.003850489711565785e+01
9.669669669669669787e+00,3.003574178840512943e+01
9.679679679679679793e+00,3.003260123928611236e+01
9.689689689689689800e+00,3.002911670492742502e+01
9.699699699699699806e+00,3.002532175862921093e+01
9.709709709709709813e+00,3.002125001170144003e+01
9.719719719719719819e+00,3.001693503227357240e+01
9.729729729729729826e+00,3.001241026323006267e+01
9.739739739739739832e+00,3.000770893947937168e+01
9.749749749749749839e+00,3.000286400478053039e+01
9.759759759759759845e+00,2.999790802836184866e+01
9.769769769769769852e+00,2.999287312157905205e+01
9.779779779779779858e+00,2.998779085486908613e+01
9.789789789789789864e+00,2.998269217526532060e+01
9.799799799799799871e+00,2.997760732474478118e+01
9.809809809809809877e+00,2.997256575968449965e+01
9.819819819819819884e+00,2.996759607170634254e+01
9.829829829829829890e+00,2.996272591019101839e+01
9.839839839839839897e+00,2.995798190674220862e+01
9.849849849849849903e+00,2.995338960187800126e+01
9.859859859859859910e+00,2.994897337422459671e+01
9.869869869869869916e+00,2.994475637248043753e+01
9.879879879879879923e+00,2.994076045041103740e+01
9.889889889889889929e+00,2.993700610512702198e+01
9.899899899899899935e+00,2.993351241888658620e+01
9.909909909909909942e+00,2.993029700465131882e+01
9.919919919919919948e+00,2.992737595561147401e+01
9.929929929929929955e+00,2.992476379888257654e+01
9.939939939939939961e+00,2.992247345355789534e+01
9.949949949949949968e+00,2.992051619328659484e+01
9.959959959959959974e+00,2.991890161352855415e+01
9.969969969969969981e+00,2.991763760361779489e+01
9.979979979979979987e+00,2.991673032374897190e+01
9.989989989989989994e+00,2.991618418697979465e+01
1.000000000000000000e+01,2.991600184632283899e+01
